0   406.691   1946.96
1   402.034   1894.82
2   397.09   1854.3
3   392.096   1803.15
4   385.824   1755.78
5   380.448   1711.37
6   374.934   1668.12
7   369.066   1631.59
8   363.728   1584.74
9   358.584   1548.29
10   352.35   1515.61
11   348.048   1478.54
12   342.04   1442.65
13   337.736   1408.69
14   332.206   1370.31
15   327.436   1343.14
16   321.974   1314.27
17   316.546   1280.95
18   311.762   1246.57
19   307.68   1219.63
20   301.976   1194.54
21   298.202   1164.56
22   292.704   1141.86
23   289.354   1109.97
24   285.126   1087.02
25   280.132   1059.19
26   274.982   1036.69
27   270.72   1006.46
28   266.594   988.568
29   263.556   962.394
30   257.828   943.008
31   254.87   921.488
32   250.516   893.392
33   246.554   871.064
34   242.264   852.092
35   238.914   830.722
36   234.386   813.824
37   230.712   789.61
38   227.708   770.976
39   223.11   757.87
40   218.708   729.112
41   215.084   713.212
42   211.676   694.714
43   208.036   680.818
44   203.532   667.142
45   200.8   645.02
46   196.952   630.176
47   194.134   612.71
48   189.692   595.968
49   186.846   581.84
50   184.682   565.13
51   180.798   555.116
52   177.366   534.336
53   175.432   525.838
54   171.068   509.502
55   167.99   495.884
56   165.17   478.94
57   162.158   469.574
58   159.504   458.488
59   156.914   446.056
60   153.162   428.758
61   150.426   420.514
62   148.284   410.62
63   145.944   398.332
64   142.58   389.992
65   140.58   374.2
66   137.432   363.42
67   135.174   355.36
68   132.092   342.104
69   128.714   332.96
70   126.38   321.758
71   124.396   313.718
72   121.104   303.236
73   119.962   297.448
74   118.364   287.006
75   114.89   276.56
76   113.472   271.098
77   110.704   262.512
78   108.246   254.174
79   106.836   250.188
80   103.112   237.48
81   101.602   229.7
82   99.83   225.754
83   97.534   217.906
84   96.128   210.53
85   93.41   203.24
86   90.828   195.612
87   90.118   191.922
88   87.604   185.946
89   85.708   178.336
90   83.384   171.312
91   82.388   169.578
92   80.326   160.674
93   77.322   154.616
94   75.804   150.616
95   74.098   143.968
96   73.438   140.144
97   70.9   134.688
98   68.9   127.924
99   67.968   125.048
100   67.11   121.732
101   64.598   116.902
102   63.472   112.302
103   61.684   109.306
104   59.812   102.818
105   57.736   98.832
106   56.888   95.316
107   54.622   90.544
108   55.556   92.512
109   52.042   85.824
110   52.062   84.67
111   50.308   80.794
112   49.426   78.528
113   48.02   75.66
114   45.894   70.916
115   44.758   68.258
116   44.436   67.182
117   42.822   64.578
118   42.108   62.222
119   40.354   58.922
120   40.122   56.612
121   37.792   52.858
122   36.918   51.726
123   35.076   47.632
124   35.402   48.41
125   33.622   45.056
126   33.3   44.316
127   31.706   41.79
128   31.156   40.18
129   30.416   39.342
130   29.904   38.08
131   28.504   35.754
132   27.448   34.18
133   26.654   32.908
134   25.68   31.354
135   25.022   29.39
136   24.484   28.87
137   23.806   27.816
138   22.422   25.6
139   22.47   25.586
140   20.938   23.742
141   20.668   22.944
142   19.722   21.744
143   19.174   20.81
144   17.716   19.068
145   18.028   19.694
146   17.252   18.236
147   16.008   16.756
148   16.36   16.796
149   15.038   15.266
150   14.862   14.796
151   14.334   14.35
152   13.752   13.586
153   13.122   12.712
154   12.86   12.416
155   11.962   11.4
156   12.15   11.442
157   11.476   10.82
158   10.966   10.102
159   10.804   9.828
160   10.456   9.58
161   9.918   8.972
162   9.662   8.758
163   9.392   8.136
164   9.084   7.976
165   8.702   7.724
166   8.004   6.8
167   8.012   6.83
168   7.858   6.674
169   7.46   6.3
170   7.082   5.896
171   6.768   5.488
172   6.81   5.688
173   6.55   5.214
174   6.43   5.222
175   5.994   4.72
176   5.788   4.53
177   5.68   4.436
178   5.298   4.034
179   5.24   3.988
180   5.116   3.87
181   5.052   3.784
182   4.926   3.716
183   4.558   3.382
184   4.464   3.28
185   4.156   3.03
186   4.362   3.17
187   4.028   2.864
188   3.772   2.632
189   3.758   2.674
190   3.628   2.508
191   3.404   2.31
192   3.588   2.47
193   3.214   2.138
194   3.144   2.088
195   3.018   1.966
196   2.884   1.832
197   2.812   1.778
198   2.624   1.592
199   2.46894   1.46293
