0   407.473   1981.15
1   402.892   1924.46
2   398.134   1875.51
3   392.93   1832.22
4   387.528   1780.3
5   382.772   1743.47
6   377.312   1699.72
7   371.238   1659.88
8   365.96   1616.11
9   359.828   1580.67
10   354.49   1537.49
11   348.71   1501.19
12   343.07   1469.92
13   338.088   1434.13
14   333.732   1398.23
15   328.776   1366.21
16   322.106   1323.94
17   317.404   1290.98
18   312.506   1268.63
19   308.14   1238.37
20   303.282   1207.52
21   297.67   1180.68
22   293.8   1155.89
23   289.662   1127.71
24   285.256   1104.35
25   280.578   1079.69
26   276.55   1050.66
27   272.224   1032.75
28   268.494   1003.76
29   263.754   983.308
30   259.422   965.504
31   255.04   935.104
32   251.27   908.836
33   246.534   889.874
34   243.174   873.676
35   239.926   847.712
36   235.332   827.716
37   230.954   808.688
38   227.638   790.24
39   224.138   770.254
40   220.064   747
41   215.646   728.148
42   213.486   711.68
43   210.33   696.636
44   205.406   679.02
45   202.492   664.056
46   198.854   648.842
47   195.682   632.572
48   192.3   614.234
49   189.03   598.356
50   185.29   579.404
51   181.154   565.23
52   179.206   549.684
53   175.392   534.414
54   172.222   520.476
55   169.956   510.308
56   166.242   493.664
57   162.844   477.836
58   160.774   475.508
59   158.898   458.65
60   155.16   445.886
61   152.746   436.71
62   149.51   423.422
63   147.794   409.17
64   143.916   398.71
65   141.41   386.706
66   137.866   375.782
67   135.962   366.416
68   133.886   354.962
69   130.966   344.888
70   128.504   333.28
71   126.836   325.2
72   123.938   319.234
73   121.51   308.742
74   119.17   298.844
75   116.602   290.688
76   115.76   285.444
77   112.69   272.16
78   110.274   264.724
79   107.872   257.462
80   105.298   247.464
81   104.02   241.666
82   101.67   235.93
83   99.48   226.536
84   97.49   220.514
85   95.224   215.364
86   92.976   207.262
87   91.18   201.124
88   89.308   192.132
89   86.46   186.902
90   86.014   183.324
91   83.256   174.99
92   82.778   172.654
93   80.6   167.352
94   78.218   158.616
95   76.184   153.166
96   74.192   146.684
97   72.828   142.008
98   71.926   140.028
99   70.28   134.142
100   68.308   128.982
101   65.848   122.874
102   64.836   120.616
103   63.086   116.432
104   62.242   111.294
105   60.172   109.542
106   58.362   102.19
107   57.128   100.284
108   55.514   95.614
109   54.458   91.804
110   52.622   87.93
111   51.268   84.796
112   50.248   81.72
113   49.536   79.17
114   47.942   76.612
115   46.928   73.726
116   45.34   70.736
117   43.64   66.712
118   42.982   65.616
119   41.668   62.228
120   40.248   59.23
121   39.186   58.44
122   38.098   54.5
123   37.192   53.622
124   37.108   53.332
125   34.668   47.898
126   34.234   47.148
127   32.866   44.892
128   32.312   43.642
129   31.534   41.264
130   30.524   39.438
131   29.362   37.496
132   29.28   37.872
133   28.048   35.986
134   26.406   32.458
135   25.974   32.26
136   25.238   31.2
137   23.924   28.448
138   23.562   28.126
139   23.574   27.516
140   22.116   25.662
141   21.192   24.218
142   20.52   23.218
143   20.07   22.328
144   19.612   21.706
145   19.018   21.374
146   17.874   19.516
147   16.858   17.794
148   16.486   17.258
149   16.114   16.754
150   15.736   16.02
151   14.89   15.264
152   14.02   14.012
153   13.692   13.662
154   13.284   13.124
155   12.786   12.396
156   12.62   12.366
157   11.446   10.964
158   11.98   11.352
159   11.104   10.208
160   10.582   9.868
161   10.38   9.574
162   10.14   9.274
163   9.87   9.048
164   9.462   8.542
165   8.80439   7.67665
166   8.57515   7.42685
167   8.318   7.08
168   8.008   6.824
169   7.708   6.518
170   7.292   6.112
171   7.272   6.02
172   6.764   5.6
173   6.598   5.446
174   6.688   5.53
175   6.16   4.91
176   6.156   5.06
177   6.08   4.854
178   5.732   4.494
179   5.334   4.116
180   5.294   4.144
181   4.802   3.54
182   4.874   3.684
183   4.722   3.506
184   4.38   3.244
185   4.326   3.126
186   3.962   2.806
187   4.186   3.02
188   4.104   2.924
189   3.822   2.68
190   3.742   2.618
191   3.494   2.368
192   3.352   2.266
193   3.198   2.136
194   3.154   2.086
195   3.134   2.068
196   2.936   1.88
197   2.832   1.796
198   2.672   1.654
199   2.46894   1.45892
