0   406.647   1956.66
1   401.746   1902.31
2   397.102   1849.94
3   392.452   1808.54
4   387.692   1762.84
5   381.446   1723.54
6   376.022   1681.64
7   371.442   1640.99
8   365.848   1600.53
9   360.242   1567.04
10   354.512   1522.43
11   349.142   1490.87
12   345.296   1449.55
13   339.708   1418.94
14   334.62   1384.46
15   328.474   1351.85
16   323.982   1326.48
17   318.376   1284.75
18   313.682   1257.84
19   308.876   1229.62
20   304.176   1194.13
21   299.22   1169.78
22   294.56   1144.97
23   291.194   1117.05
24   285.906   1088.64
25   281.122   1068.04
26   276.38   1037.11
27   271.81   1013.54
28   266.85   988.218
29   262.018   961.95
30   258.444   936.428
31   255.096   918.6
32   249.642   896.724
33   246.91   877.66
34   242.242   847.994
35   236.862   834.054
36   234.486   810.638
37   229.634   788.698
38   226.972   769.624
39   223.998   753.046
40   219.494   736.364
41   215.414   714.256
42   212.056   697.654
43   208.526   677.974
44   205.316   662.252
45   202.164   649.378
46   197.644   628.722
47   195.06   613.802
48   192.63   600.74
49   188.252   582.938
50   184.932   567.43
51   181.376   551.376
52   177.598   535.634
53   175.108   521.71
54   172.236   506.804
55   168.894   494.97
56   165.836   481.974
57   163.394   473.85
58   157.948   454.474
59   156.696   445.102
60   156.054   436.428
61   152.206   421.776
62   149.376   412.428
63   146.842   398.61
64   144.102   390.854
65   141.12   377.696
66   138.034   366.422
67   136.85   360.104
68   133.184   345.908
69   131.028   331.672
70   128.512   328.004
71   125.976   316.312
72   122.576   306.328
73   121.148   295.326
74   116.852   285.55
75   116.858   281.378
76   113.636   271.92
77   111.366   265.818
78   109.45   257.368
79   107.64   254.58
80   105.938   247.448
81   103.852   237.474
82   101.088   226.432
83   99.688   222.68
84   97.266   215.646
85   95.096   205.916
86   92.438   198.25
87   91.552   193.506
88   88.804   187.752
89   86.84   181.96
90   84.718   173.956
91   81.758   164.042
92   80.7   163.042
93   79.154   157.806
94   77.496   153.21
95   75.032   146.734
96   74.896   144.25
97   71.72   135.876
98   70.478   133.496
99   68.772   126.908
100   68.112   123.47
101   66.238   119.914
102   63.786   115.482
103   62.366   108.758
104   62.198   109.434
105   59.962   102.372
106   59.008   99.762
107   56.906   96.8
108   54.66   90.564
109   54.07   89.152
110   52.694   85.758
111   51.116   83.446
112   50.606   79.484
113   48.622   75.188
114   47.88   74.614
115   45.634   68.754
116   44.738   66.886
117   43.436   64.226
118   41.788   61.81
119   41.736   61.306
120   38.976   55.366
121   39.014   54.766
122   37.806   52.886
123   36.702   50.1
124   36.414   50.084
125   34.84   47.494
126   33.146   44.17
127   32.526   42.428
128   30.98   41.5
129   30.252   39.168
130   30.324   39.058
131   28.432   35.666
132   28.14   34.762
133   26.674   32.098
134   26.236   31.736
135   24.718   29.368
136   24.128   28.176
137   23.236   27.074
138   22.332   25.508
139   22.214   25.256
140   20.788   23.33
141   20.166   22.008
142   20.068   22.038
143   18.358   19.656
144   18.486   19.956
145   18.034   19.142
146   16.882   17.818
147   16.848   17.57
148   16.794   17.09
149   15.378   15.588
150   14.668   14.666
151   14.502   14.49
152   14.158   14.02
153   13.654   13.3
154   13.354   13.114
155   12.932   12.536
156   12.284   11.772
157   11.462   10.76
158   10.998   10.19
159   10.724   9.72
160   10.234   9.312
161   9.874   8.84
162   9.208   8.096
163   9.68   8.594
164   8.292   7.094
165   8.414   7.238
166   8.204   6.928
167   7.756   6.616
168   7.766   6.646
169   7.122   5.968
170   7.212   5.958
171   6.674   5.538
172   6.712   5.484
173   6.484   5.26
174   6.712   5.388
175   6.11   4.878
176   5.708   4.502
177   5.538   4.312
178   5.468   4.206
179   5.386   4.066
180   5.158   3.912
181   4.934   3.722
182   4.998   3.778
183   4.566   3.374
184   4.65   3.398
185   4.394   3.2
186   4.116   2.936
187   4.09   2.93
188   3.932   2.782
189   3.704   2.558
190   3.538   2.428
191   3.608   2.526
192   3.426   2.322
193   3.202   2.136
194   3.13   2.056
195   2.964   1.904
196   2.972   1.91
197   2.846   1.832
198   2.71   1.69
199   2.52705   1.51904
