0  5   1.56473  107.15  12.8986  0.151523  0.179856  0.171027  0.202329
5  10   2.84969  92.2882  11.8328  0.189207  0.216222  0.212906  0.242284
10  20   4.02327  73.1764  10.3443  0.247255  0.265711  0.276938  0.296739
20  30   5.21043  52.4375  8.57058  0.328049  0.325454  0.362837  0.360908
30  40   6.16999  36.5976  7.00865  0.410351  0.379581  0.449188  0.418115
40  50   6.9982  24.6827  5.53891  0.496962  0.423463  0.537919  0.463903
50  60   7.73621  16.0436  4.07378  0.588299  0.44531  0.628763  0.489111
60  100   9.6428  5.96955  1.33346  0.773507  0.352724  0.80976  0.457435
0  10   2.20714  99.7199  12.3657  0.170363  0.198037  0.193103  0.2232

centMin centMax <b> <Npart>  <S>     <e2>       <e3>      <e2{2}>   <e3{2}>



