0   406.421   1944
1   402.032   1900.56
2   397.7   1846.75
3   392.194   1802.25
4   386.148   1753.69
5   381.114   1709.07
6   375.682   1666.18
7   370.338   1626.13
8   364.384   1583.25
9   359.042   1554.77
10   353.97   1507.81
11   348.942   1468.37
12   343.03   1433.78
13   337.376   1399.3
14   332.03   1368.96
15   326.528   1332.42
16   322.3   1302.47
17   315.63   1264.73
18   311.21   1237.03
19   305.956   1205.74
20   301.13   1178.59
21   295.824   1142.66
22   292.216   1116.82
23   287.206   1086.94
24   282.652   1067.41
25   278.408   1038.35
26   272.956   1015.08
27   268.906   988.844
28   264.258   964.734
29   260.826   941.95
30   256.18   924.918
31   251.184   902.37
32   249.716   878.776
33   243.48   859.508
34   239.362   835.576
35   236.94   811.2
36   231.566   792.744
37   228.352   776.898
38   224.086   757.702
39   221.574   738.938
40   217.266   716.982
41   214.532   707.756
42   211.02   687.612
43   207.432   664.318
44   203.664   652.452
45   201.754   638.392
46   197.29   621.852
47   194.348   608.604
48   190.874   592.798
49   187.154   576.824
50   184.858   559.01
51   180.932   544.668
52   177.942   535.226
53   173.946   518.094
54   171   504.024
55   168.026   488.922
56   165.326   477.33
57   162.926   463.536
58   159.198   450.322
59   156.304   434.922
60   153.186   422.732
61   150.428   413.064
62   147.51   401.746
63   144.946   393.426
64   142.508   380.218
65   138.882   367.754
66   136.594   358.046
67   134.71   347.242
68   130.662   333.81
69   128.948   327.746
70   127.096   320.122
71   123.982   308.164
72   120.63   298.694
73   119.378   292.778
74   117.446   286.182
75   114.738   274.73
76   112.24   266.522
77   110.312   256.424
78   108.102   249.336
79   106.008   244.742
80   104.194   237.49
81   101.176   224.85
82   99.874   222.332
83   96.42   213.922
84   95.634   206.806
85   93.544   202.29
86   91.172   192.226
87   89.744   188.626
88   86.758   178.112
89   86.276   176.094
90   83.692   170.026
91   81.218   162.066
92   80.452   160.782
93   78.034   154.096
94   76.494   147.55
95   75.61   145.14
96   72.438   136.86
97   71.648   134.786
98   68.516   125.172
99   67.764   124.638
100   65.618   119.064
101   64.876   116.612
102   62.6667   110.212
103   60.9739   108.07
104   59.64   101.652
105   57.614   98.86
106   55.834   93.072
107   55.588   91.64
108   53.556   87.824
109   53.052   86.278
110   50.67   82.004
111   50.166   79.548
112   48.42   75.868
113   47.254   72.302
114   45.918   69.5
115   44.148   66.102
116   44.106   65.644
117   42.606   62.868
118   41.026   59.978
119   40.408   56.908
120   38.91   55.338
121   37.964   52.656
122   37.772   52.224
123   35.788   48.776
124   35.244   47.704
125   33.65   44.148
126   33.084   44.042
127   31.54   41.578
128   30.666   39.166
129   30.22   38.084
130   28.272   35.368
131   28.194   34.96
132   27.292   34.274
133   26.35   31.388
134   25.366   30.528
135   24.094   28.476
136   24.128   28.176
137   22.76   26.036
138   22.134   25.218
139   21.366   24.672
140   20.986   23.108
141   20.13   21.944
142   19.874   21.784
143   18.658   20.054
144   18.69   20.38
145   17.716   18.404
146   17.192   17.688
147   16.208   16.634
148   16.33   16.846
149   15.676   15.796
150   14.344   14.236
151   14.3   13.97
152   13.912   13.622
153   12.644   12.254
154   12.5   11.96
155   12.328   11.786
156   12.098   11.28
157   11.408   10.616
158   11.014   10.132
159   10.39   9.408
160   9.818   8.72
161   9.692   8.622
162   9.326   8.32
163   9.124   7.98
164   8.826   7.77
165   8.478   7.342
166   8.338   7.136
167   7.946   6.698
168   7.754   6.62
169   7.314   6.064
170   7.062   5.804
171   7.06   5.772
172   6.552   5.246
173   6.458   5.152
174   6.144   4.97
175   6.282   4.992
176   5.962   4.71
177   5.63   4.392
178   5.258   4.004
179   4.966   3.73
180   5.132   3.852
181   4.862   3.672
182   4.55   3.402
183   4.7   3.534
184   4.162   2.988
185   4.31   3.086
186   4.368   3.172
187   3.816   2.678
188   3.864   2.694
189   3.788   2.628
190   3.67   2.534
191   3.576   2.454
192   3.392   2.296
193   3.442   2.322
194   3.086   2.026
195   3.006   1.968
196   2.93   1.886
197   2.684   1.658
198   2.614   1.596
199   2.39078   1.37675
