0   408.473   2005.93
1   403.616   1954.62
2   398.038   1901.91
3   392.874   1848.68
4   386.694   1802.44
5   381.284   1760.27
6   376.138   1713.24
7   369.944   1676.59
8   364.32   1633.96
9   359.326   1594.98
10   353.618   1555.14
11   349.002   1525.35
12   342.17   1482.56
13   337.954   1453.28
14   333.14   1415
15   327.408   1383.23
16   323.132   1356.28
17   318.242   1320.17
18   313.498   1289.45
19   309.024   1271.12
20   303.944   1241.76
21   299.682   1205.7
22   294.612   1175.59
23   289.56   1146.95
24   284.378   1121.52
25   279.824   1098.99
26   275.918   1072.44
27   270.932   1045.15
28   268.096   1016.33
29   262.91   999.268
30   257.704   974.854
31   254.466   952.98
32   250.704   927.7
33   247.246   910.324
34   242.612   887.26
35   238.658   865.356
36   235.012   843.612
37   230.962   826.73
38   227.634   804.308
39   223.934   787.338
40   219.64   765.772
41   216.598   751.264
42   212.592   734.18
43   209.028   715.164
44   205.656   699.116
45   201.95   678.624
46   199.06   660.13
47   196.09   643.782
48   191.382   624.5
49   189.586   618.49
50   186.268   597.536
51   181.584   579.928
52   178.552   567.382
53   175.976   552.37
54   172.768   536.85
55   169.08   522.318
56   166.504   509.608
57   164.774   498.302
58   162.042   486.798
59   158.554   465.942
60   155.896   458.526
61   153.146   447.006
62   150.192   433.498
63   148.05   421.406
64   144.666   414.012
65   142.394   404.818
66   139.616   390.088
67   137.342   376.574
68   133.64   367.126
69   130.942   360.344
70   127.734   346.348
71   126.952   336.786
72   123.916   324.716
73   122.046   320.956
74   120.76   312.284
75   117.388   298.67
76   115.694   294.668
77   113.756   284.574
78   111.39   277.79
79   108.69   267.718
80   106.85   259.216
81   104.604   255.052
82   102.574   247.936
83   100.58   240.184
84   98.568   232.332
85   96.066   221.982
86   94.134   215.826
87   92.932   210.848
88   90.33   202.024
89   88.544   195.186
90   87.416   191.044
91   85.504   187.142
92   83.048   177.234
93   81.962   174.026
94   79.386   165.448
95   77.256   161.39
96   75.3313   153.715
97   74.5431   150.934
98   72.974   146.004
99   70.838   141.388
100   70.12   139.918
101   67.528   131.112
102   66.666   127.938
103   65.406   124.824
104   62.866   119.24
105   62.068   114.714
106   60.99   111.576
107   59.298   107.132
108   57.744   104.322
109   56.24   98.21
110   54.668   94.778
111   52.51   90.378
112   51.612   85.86
113   50.762   84.544
114   49.646   83.614
115   47.654   79.504
116   47.786   77.266
117   46.152   73.81
118   44.832   71.154
119   42.994   66.89
120   41.592   64.64
121   40.87   63.508
122   38.578   58.266
123   37.864   56.156
124   37.392   54.576
125   36.572   52.836
126   35.636   50.71
127   33.976   48.478
128   33.236   46.854
129   32.804   45.1
130   31.514   43.078
131   30.536   41.476
132   29.922   39.368
133   27.888   36.152
134   27.762   35.724
135   27.074   34.546
136   26.298   33.924
137   25.12   31.792
138   24.58   29.9
139   23.102   27.704
140   23.194   27.824
141   21.954   25.642
142   20.908   24.188
143   19.83   22.634
144   20.14   22.694
145   19.256   21.418
146   18.524   20.624
147   17.608   19.254
148   17.362   18.884
149   16.832   18.14
150   16.102   17.198
151   15.548   16.268
152   15.12   15.838
153   14.566   14.966
154   14.298   14.698
155   12.77   12.62
156   12.792   12.754
157   12.468   12.25
158   11.872   11.436
159   11.528   11.062
160   10.998   10.52
161   10.424   9.572
162   10.606   10.078
163   9.676   8.944
164   9.414   8.608
165   9.226   8.162
166   8.5   7.518
167   8.094   7.086
168   8.376   7.462
169   7.802   6.746
170   7.398   6.3
171   7.01996   5.78244
172   6.93387   5.8016
173   6.502   5.338
174   6.368   5.212
175   5.988   4.772
176   6.158   4.928
177   5.69   4.516
178   5.592   4.38
179   5.338   4.148
180   4.922   3.762
181   5.24   4.01
182   4.872   3.714
183   4.882   3.666
184   4.658   3.468
185   4.516   3.332
186   4.11   2.962
187   4.162   3.012
188   4.02   2.886
189   3.834   2.734
190   3.556   2.442
191   3.506   2.402
192   3.476   2.408
193   3.352   2.25
194   3.124   2.054
195   2.954   1.898
196   2.816   1.762
197   2.676   1.654
198   2.628   1.612
199   2.41683   1.4008
