0   407.17   1946.39
1   402.786   1903.66
2   398.04   1852.84
3   393.03   1800.61
4   387.536   1765.37
5   382.896   1720.31
6   377.34   1680.81
7   371.748   1638.57
8   366.246   1604.29
9   360.256   1556.15
10   356.116   1518.81
11   350.35   1487.44
12   345.026   1457.26
13   339.138   1417.58
14   335.752   1385.73
15   328.94   1358.24
16   325.634   1322.25
17   319.824   1290
18   315.206   1259.14
19   308.454   1229.05
20   304.128   1198.02
21   300.11   1167.47
22   294.9   1144.09
23   289.574   1113.34
24   286.012   1090.11
25   280.958   1064.1
26   275.92   1033.67
27   271.034   1011.79
28   267.192   983.842
29   263.124   961.578
30   258.528   935.85
31   254.022   914.426
32   250.802   895.646
33   246.644   869.572
34   241.582   853.872
35   237.026   828.392
36   234.556   807.988
37   230.174   793.308
38   226.302   771.474
39   222.88   749.674
40   219.652   735.838
41   215.132   714.732
42   212.022   697.944
43   208.814   684.756
44   205.87   663.744
45   201.988   653.656
46   198.992   631.106
47   195.074   616.338
48   191.906   606.16
49   187.822   586.99
50   184.558   572.882
51   182.326   555.818
52   178.84   541.308
53   175.376   523.71
54   172.9   509.26
55   169.012   496.17
56   165.548   479.366
57   162.644   470.084
58   160.13   459.744
59   156.88   446.904
60   154.676   430.95
61   150.992   418.294
62   148.71   411.75
63   146.446   401.958
64   142.756   387.07
65   140.024   376.774
66   138.826   366.918
67   136.4   354.576
68   131.59   344.566
69   131.184   337.178
70   128.268   327.932
71   126.3   320.856
72   122.546   305.608
73   119.39   298.8
74   118.062   288.266
75   114.962   279.16
76   113.55   272.874
77   111.314   268.274
78   109.108   254.346
79   106.136   246.82
80   105.076   243.158
81   101.772   231.782
82   100.904   228.154
83   98.37   219.946
84   94.986   208.588
85   94.31   203.644
86   93.16   203.286
87   90.134   192.8
88   89.08   188.946
89   85.9   177.48
90   83.936   171.678
91   83.626   171.044
92   80.092   161.128
93   78.562   154.07
94   77.566   153.582
95   75.644   149.632
96   74.484   144.034
97   72.512   138.628
98   70.584   133.934
99   68.968   127.712
100   68.346   126.286
101   66.906   121.372
102   64.418   113.386
103   62.242   110.5
104   60.34   107.142
105   59.602   103.442
106   57.296   96.836
107   56.276   95.13
108   54.4   91.166
109   54.656   89.346
110   52.714   84.774
111   51.316   83.62
112   49.488   79.218
113   48.032   75.966
114   47.696   74.638
115   45.008   68.068
116   45.174   67.636
117   42.932   63.708
118   42.562   63.32
119   41.162   60.782
120   39.466   57.366
121   38.582   55.282
122   37.286   52.466
123   36.534   50.768
124   35.59   50.116
125   34.594   47.59
126   33.162   44.28
127   32.452   42.98
128   31.572   41.678
129   30.912   38.9
130   29.846   38.086
131   28.022   35.608
132   27.506   33.922
133   27.14   32.988
134   26.206   31.494
135   25.226   30.758
136   24.672   29.846
137   23.936   28.004
138   23.242   27.506
139   22.236   25.356
140   21.65   24.632
141   20.22   22.334
142   19.802   22.272
143   20.314   22.262
144   19.468   21.122
145   18.652   19.888
146   17.312   18.5
147   16.974   17.666
148   15.732   16.33
149   15.326   15.866
150   14.856   14.84
151   14.546   14.466
152   14.274   13.95
153   13.63   13.328
154   12.694   12.49
155   12.904   12.416
156   11.874   11.202
157   11.326   10.614
158   11.306   10.454
159   10.588   9.686
160   10.766   9.894
161   9.712   8.752
162   9.742   8.562
163   9.326   8.234
164   8.9   7.758
165   9.216   8.158
166   7.886   6.62
167   8.124   6.962
168   7.756   6.576
169   7.452   6.286
170   7.336   6.08
171   7.044   5.852
172   6.66   5.464
173   6.49   5.18
174   6.538   5.234
175   6.106   4.804
176   5.804   4.508
177   5.656   4.514
178   5.522   4.286
179   5.318   4.058
180   5.022   3.834
181   4.99   3.758
182   4.662   3.502
183   4.808   3.566
184   4.64   3.414
185   4.214   3.036
186   3.932   2.808
187   4.056   2.896
188   3.988   2.836
189   3.828   2.636
190   3.766   2.612
191   3.374   2.278
192   3.282   2.188
193   3.198   2.122
194   3.19   2.102
195   3.142   2.072
196   2.904   1.854
197   2.752   1.726
198   2.474   1.454
199   2.45691   1.4509
