0   407.826   1973.34
1   402.742   1916.37
2   397.268   1876.05
3   392.186   1827.38
4   386.698   1778.86
5   381.034   1729.6
6   376.094   1692.93
7   370.856   1661
8   365.382   1607.43
9   360.192   1575.53
10   354.556   1537.4
11   349.41   1504.75
12   344.752   1470.94
13   340.364   1435.9
14   333.9   1398.46
15   329.158   1376.96
16   323.966   1342.07
17   318.874   1307.12
18   314.234   1279.66
19   309.238   1248.5
20   305.34   1217.21
21   300.028   1198.35
22   296.084   1169.07
23   290.688   1143.1
24   286.914   1110.18
25   282.902   1085.79
26   277.332   1058.91
27   273.056   1036.68
28   267.62   1015.84
29   264.538   988.816
30   260.102   962.982
31   256.674   938.202
32   252.614   921.724
33   248.132   898.222
34   244.376   878.932
35   240.74   858.474
36   236.696   841.184
37   232.186   816.348
38   229.874   799.708
39   225.398   779.478
40   222.244   766.318
41   217.596   747.838
42   214.538   727.794
43   212.132   706.454
44   207.116   693.71
45   204.54   674.768
46   200.972   658.682
47   196.756   642.414
48   194.526   623.566
49   190.814   605.466
50   187.758   589.062
51   183.87   576.796
52   180.64   562.362
53   178.012   550.948
54   175.042   535.852
55   172.004   521.44
56   169.494   508.312
57   166.456   497.964
58   163.472   482.34
59   161.04   473.172
60   157.064   458.708
61   155.284   448.2
62   152.604   438.958
63   149.086   423.988
64   146.012   408.374
65   143.466   397.712
66   141.734   389.384
67   138.42   375.518
68   135.668   366.268
69   133.772   359.548
70   131.582   348.946
71   127.768   333.47
72   126.266   326.698
73   123.42   317.136
74   120.9   306.974
75   118.78   299.528
76   116.472   290.608
77   114.348   285.502
78   112.176   276.824
79   109.104   264.122
80   107.712   260.082
81   105.782   249.14
82   103.232   240.694
83   100.762   234.5
84   99.018   226.742
85   97.562   222.294
86   96.094   216.134
87   92.54   205.49
88   91.5   202.704
89   89.832   196.234
90   87.448   187.996
91   85.448   183.54
92   83.772   178.596
93   82.508   172.16
94   81.128   168.928
95   78.718   161.352
96   76.888   156.768
97   74.688   151.09
98   72.272   141.744
99   71.236   138.436
100   69.712   134.446
101   68.934   129.548
102   66.3   125.55
103   64.77   119.956
104   63.314   116.122
105   60.342   109.552
106   60.76   109.73
107   57.95   101.366
108   57.318   98.718
109   55.94   96.194
110   53.646   90.892
111   52.846   90.402
112   51.058   85.56
113   50.596   83.27
114   48.488   78.13
115   46.684   74.514
116   46.014   72.22
117   44.44   70.552
118   44.076   68.222
119   42.816   64.84
120   41.354   61.984
121   40   59.496
122   38.972   56.864
123   38.406   55.542
124   36.036   50.824
125   36.108   51.212
126   35.374   49.748
127   33.446   46.444
128   32.722   45.102
129   32.296   43.234
130   30.378   40.646
131   29.524   38.818
132   28.54   36.726
133   28.27   36.424
134   27.616   35.22
135   26.33   32.838
136   25.658   31.864
137   24.6   29.736
138   23.894   28.398
139   22.48   26.494
140   22.258   26.216
141   21.484   24.5
142   20.584   23.638
143   19.466   22.022
144   19.78   22.142
145   18.01   19.894
146   18.72   20.638
147   17.278   18.392
148   16.666   17.864
149   15.89   16.78
150   15.416   15.894
151   14.866   15.116
152   14.846   15.096
153   13.94   13.982
154   13.562   13.378
155   13.204   13.082
156   12.178   11.842
157   11.772   11.288
158   11.896   11.47
159   11.494   10.784
160   10.622   9.916
161   10.326   9.418
162   9.512   8.702
163   9.802   8.992
164   9.198   8.318
165   9.184   8.15
166   8.824   7.756
167   8.756   7.632
168   7.938   6.754
169   7.964   6.87
170   7.274   6.108
171   7.282   6.132
172   6.872   5.674
173   6.656   5.414
174   6.848   5.738
175   5.846   4.63
176   6.048   4.778
177   6.042   4.844
178   5.562   4.35
179   5.2   3.99
180   5.258   4.038
181   4.962   3.784
182   4.78443   3.58283
183   4.6012   3.44689
184   4.632   3.438
185   4.472   3.27
186   4.5   3.366
187   4.026   2.908
188   3.896   2.746
189   3.99   2.884
190   3.696   2.564
191   3.608   2.488
192   3.272   2.208
193   3.32   2.214
194   3.344   2.27
195   3.04   1.984
196   2.986   1.932
197   2.758   1.706
198   2.592   1.566
199   2.46092   1.45892
