0   407.754   1991.99
1   402.858   1935.33
2   397.914   1887.85
3   392.532   1834.87
4   386.682   1784.09
5   381.11   1742.55
6   376.514   1703.92
7   371.604   1660.4
8   365.668   1624.37
9   360.562   1586.82
10   355.02   1551.01
11   349.71   1513.24
12   344.238   1474.16
13   338.522   1438.52
14   334.244   1406.61
15   327.542   1373.28
16   322.324   1341.95
17   317.692   1310.64
18   312.556   1275.39
19   307.29   1249.09
20   303.226   1216.92
21   297.374   1187.27
22   293.596   1155.11
23   288.84   1131.95
24   284.244   1099.94
25   280.122   1075.3
26   274.61   1053.24
27   271.228   1022.5
28   266.356   1004.93
29   262.034   984.278
30   258.066   960.044
31   253.188   937.636
32   249.662   913.104
33   245.738   891.842
34   241.764   871.564
35   238.426   851.222
36   234.456   829.12
37   231.222   809.842
38   226.984   790.826
39   223.618   774.464
40   219.492   755.638
41   215.644   733.522
42   212.516   715.814
43   207.57   701.038
44   205.364   685.684
45   202.1   667.22
46   198.246   647.846
47   195.316   634.868
48   191.812   619.224
49   189.122   602.84
50   185.218   587.604
51   181.942   572.624
52   178.35   557.756
53   176.432   546.194
54   172.79   529.208
55   170.428   515.214
56   167.47   504.756
57   163.708   489.486
58   160.962   471.196
59   157.644   462.382
60   155.654   453.562
61   152.44   435.036
62   150.118   423.776
63   147.464   415.938
64   144.514   405.046
65   141.228   395.876
66   139   378.362
67   136.402   369.402
68   134.36   358.772
69   130.944   348.522
70   130.134   341.164
71   126.064   329.57
72   123.354   317.778
73   121.254   312.634
74   120.026   304.842
75   119.108   298.106
76   114.592   283.014
77   112.138   275.228
78   110.218   267.846
79   107.976   262.166
80   105.718   252.63
81   105.492   248.732
82   101.682   237.778
83   100.21   229.73
84   96.962   221.188
85   95.566   216.678
86   93.448   208.844
87   92.352   203.546
88   89.898   196.278
89   86.902   189.454
90   85.744   183.118
91   83.732   176.674
92   81.712   171.24
93   80.602   164.674
94   78.548   161.11
95   76.1   153.676
96   73.382   146.68
97   73.208   143.07
98   70.946   138.23
99   69.808   136.072
100   68.59   130.704
101   66.784   126.888
102   64.404   119.902
103   63.108   115.922
104   60.992   111.012
105   61.198   110.024
106   58.814   103.938
107   56.996   100.442
108   56.322   97.85
109   54.024   92.438
110   53.442   90.508
111   51.508   87.422
112   51.546   86.31
113   49.554   81.006
114   47.82   77.42
115   47.398   75.832
116   46.262   72.718
117   45.458   71.914
118   43.55   67.904
119   41.804   63.358
120   41.124   61.536
121   39.346   58.052
122   39.06   56.574
123   37.632   54.002
124   36.902   52.89
125   35.108   49.038
126   34.316   47.372
127   32.514   45.174
128   31.832   42.788
129   31.284   41.718
130   30.516   40.298
131   29.766   38.998
132   28.252   36.314
133   27.476   35.064
134   26.92   33.586
135   25.606   31.954
136   24.78   30.472
137   24.184   29.472
138   24.166   29.046
139   23.218   27.788
140   21.576   25.252
141   21.152   24.602
142   20.07   22.652
143   19.256   21.552
144   19.294   21.618
145   18.6547   20.3972
146   18.018   19.7515
147   17.422   18.564
148   16.468   17.422
149   16.362   17.098
150   15.388   16.048
151   14.68   15.2
152   14.462   14.906
153   13.648   13.462
154   13.404   13.446
155   12.762   12.408
156   12.56   12.172
157   11.688   11.332
158   11.416   10.88
159   11.068   10.454
160   10.936   9.954
161   10.32   9.5
162   10.102   9.334
163   9.346   8.314
164   9.204   8.278
165   8.9   7.882
166   8.234   7.25
167   7.932   6.826
168   7.934   6.814
169   7.358   6.204
170   7.436   6.39
171   7.274   6.134
172   6.952   5.75
173   6.684   5.474
174   6.228   4.972
175   6.242   5.06
176   6.146   4.916
177   5.67   4.456
178   5.648   4.374
179   5.204   4.028
180   5.154   3.902
181   4.694   3.514
182   4.802   3.64
183   4.608   3.408
184   4.346   3.14
185   4.41   3.248
186   4.294   3.144
187   4.166   2.988
188   3.974   2.786
189   3.664   2.578
190   3.826   2.676
191   3.474   2.358
192   3.274   2.156
193   3.252   2.18
194   3.102   2.04
195   3.008   1.954
196   2.798   1.754
197   2.848   1.822
198   2.604   1.588
199   2.44489   1.44088
