0   407.876   1990.41
1   402.998   1932.86
2   398.204   1879.14
3   392.296   1832.26
4   387.56   1789.12
5   381.916   1750.07
6   376.516   1709.05
7   371.284   1673.57
8   365.942   1624.56
9   360.946   1588.93
10   355.314   1554.11
11   350.002   1511.38
12   345.364   1484.93
13   340.058   1446.19
14   334.812   1418.95
15   330.116   1378.6
16   324.422   1348.48
17   319.846   1318.63
18   314.962   1292.82
19   309.418   1260.3
20   304.77   1229.89
21   299.834   1200.38
22   294.122   1168.34
23   290.802   1147.39
24   285.682   1122.59
25   281.544   1095.04
26   277.754   1074.07
27   274.98   1048.99
28   269.288   1021.99
29   264.578   996.524
30   260.004   974.352
31   256.616   949.322
32   253.162   929.106
33   248.532   910.212
34   244.926   887.104
35   239.996   866.086
36   236.898   843.738
37   232.308   824.276
38   229.088   800.058
39   225.91   785.198
40   221.384   768.138
41   217.504   743.67
42   213.518   727.008
43   210.606   710.418
44   206.186   692.03
45   202.25   675.724
46   200.034   659.146
47   196.338   638.226
48   193.88   625.25
49   190.102   615.622
50   187.094   595.156
51   183.762   583.624
52   179.756   567.742
53   176.738   553.222
54   174.07   538.386
55   171.946   521.416
56   168.32   512.158
57   165.868   499.424
58   162.016   484.262
59   159.018   474.826
60   156.656   455.292
61   154.104   450.418
62   151.36   436.936
63   150.054   423.68
64   146.29   413.078
65   144.138   401.406
66   140.724   390.548
67   137.818   377.63
68   134.996   369.342
69   133.036   357.822
70   130.81   355.022
71   128.214   339.402
72   126.556   328.698
73   123.122   318.802
74   121.356   310.078
75   119.046   302.672
76   116.476   293.988
77   113.686   284.126
78   112.618   278.204
79   109.802   266.38
80   107.268   261.538
81   104.94   250.794
82   103.542   245.986
83   101.036   235.472
84   98.846   230.458
85   96.638   223.734
86   95.852   217.302
87   93.124   208.894
88   91.454   204.214
89   89.652   196.664
90   87.938   191.678
91   84.948   182.562
92   83.246   177.04
93   81.554   170.848
94   79.268   165.26
95   78.182   162.694
96   77.036   157.98
97   75.592   148.844
98   73.656   148.014
99   71.738   143.27
100   69.526   133.744
101   69.13   132.58
102   66.636   124.99
103   65.322   123.068
104   63.466   118.238
105   61.17   110.64
106   60.21   109.198
107   59.258   106.208
108   57.114   101.806
109   55.612   96.584
110   54.41   94.038
111   53.192   92.394
112   52.258   87.41
113   50.192   84.012
114   48.898   80.154
115   47.634   78.018
116   46.878   75.86
117   45.676   73.526
118   44.508   69.892
119   43.518   66.688
120   41.23   63.182
121   40.816   61.248
122   39.804   60.168
123   37.69   55.128
124   37.212   54.05
125   36.52   52.906
126   34.996   48.948
127   34.444   48.606
128   33.706   46.646
129   31.118   42.626
130   31.652   42.732
131   29.778   38.924
132   29.18   37.788
133   28.352   37.074
134   27.24   34.86
135   26.398   33.73
136   26.188   32.416
137   25.428   31.02
138   24.634   30.766
139   23.754   28.266
140   22.348   26.28
141   22.406   26.456
142   20.948   24.172
143   20.59   23.634
144   19.786   22.508
145   18.834   21.172
146   18.286   20.234
147   17.25   18.842
148   16.64   17.936
149   16.04   16.822
150   16.066   16.988
151   15.436   16.162
152   14.126   14.334
153   14.376   14.796
154   13.154   13.18
155   12.872   12.752
156   13.148   12.93
157   12.538   12.426
158   11.956   11.598
159   11.718   11.056
160   11.466   10.934
161   10.004   9.3
162   10.64   10.154
163   9.68   8.77
164   9.26   8.31
165   9.196   8.252
166   9.054   8.038
167   8.468   7.336
168   8.388   7.266
169   7.894   6.746
170   7.202   6.086
171   7.39   6.272
172   6.966   5.772
173   6.724   5.486
174   6.726   5.566
175   6.116   4.974
176   6.122   4.962
177   5.71   4.464
178   5.36   4.126
179   5.482   4.326
180   5.476   4.328
181   5.108   3.924
182   4.902   3.664
183   4.76   3.548
184   4.726   3.522
185   4.528   3.35
186   4.312   3.098
187   4.056   2.878
188   3.982   2.806
189   3.754   2.584
190   3.57   2.454
191   3.618   2.5
192   3.588   2.494
193   3.434   2.326
194   3.306   2.218
195   2.98   1.94
196   2.944   1.884
197   2.688   1.644
198   2.652   1.636
199   2.51503   1.51102
