0   407.098   1954.55
1   402.342   1906.16
2   396.962   1850.84
3   392.064   1802.13
4   386.57   1754.27
5   381.06   1716.53
6   375.748   1670.94
7   370.748   1630.55
8   364.93   1592.2
9   359.434   1555.78
10   354.134   1517.42
11   348.286   1475.27
12   343.768   1447.68
13   338.664   1410.74
14   332.12   1367.21
15   326.838   1343.36
16   322.444   1310.16
17   317.444   1280.84
18   313.088   1248.86
19   307.6   1221.47
20   302.556   1192.2
21   299.214   1161.99
22   293.87   1131.33
23   288.938   1109.38
24   284.674   1082.6
25   280.012   1051.39
26   274.94   1027.79
27   271.024   1004.12
28   266.432   977.386
29   262.586   952.342
30   257.638   931.25
31   254.21   910.14
32   250.566   887.616
33   245.218   865.59
34   240.71   841.658
35   236.744   824.726
36   234.76   802.706
37   229.596   783.346
38   226.118   765.276
39   222.65   748.7
40   218.654   724.042
41   215.046   712.684
42   211.322   693.424
43   207.684   669.768
44   204.692   662.212
45   200.972   635.02
46   197.252   624.094
47   193.484   605.838
48   190.758   596.758
49   186.812   574.908
50   184.508   562.282
51   180.924   544.128
52   178.276   534.084
53   174.21   521.074
54   172.846   510.524
55   168.878   488.56
56   166.486   479.032
57   163.228   468.856
58   159.23   454.308
59   156.934   443.836
60   154.258   432.796
61   152.054   416.716
62   148.998   410.604
63   146.924   395.758
64   143.538   384.184
65   139.878   371.494
66   138.052   362.314
67   134.594   348.542
68   132.662   342.24
69   130.15   335.03
70   128.592   322.698
71   125.332   314.484
72   122.89   304.568
73   119.96   292.93
74   116.738   282.658
75   115.34   280.308
76   112.658   267.392
77   111.002   258.26
78   108.924   250.726
79   105.792   243.036
80   103.556   234.282
81   102.276   229.31
82   98.596   218.888
83   98.406   216.666
84   94.972   205.546
85   93.232   198.482
86   90.61   190.248
87   89.008   186.922
88   86.834   179.856
89   84.294   175.374
90   83.568   169.174
91   82.056   165.534
92   79.128   157.278
93   78.052   152.45
94   75.9   144.894
95   74.81   143.808
96   72.244   137.624
97   71.376   132.464
98   68.4   125.964
99   67.62   123.322
100   66.718   120.382
101   64.178   113.526
102   62.084   107.848
103   61.674   107.03
104   59.4   102.296
105   58.906   100.622
106   56.564   95.726
107   54.826   91.168
108   54.346   89.032
109   52.308   84.404
110   51.336   82.344
111   50.12   78.964
112   48.302   76.426
113   47.814   73.868
114   46.49   70.92
115   44.668   67.512
116   43.446   64.348
117   41.554   60.52
118   42.1   62.19
119   39.664   56.674
120   37.172   52.47
121   37.972   53.424
122   36.884   50.54
123   35.932   48.436
124   35.576   48.006
125   33.636   44.842
126   32.53   42.83
127   32.658   42.748
128   31.978   40.806
129   29.758   37.754
130   28.88   35.874
131   27.304   33.276
132   26.624   32.58
133   26.492   32.218
134   25.306   30.248
135   24.122   28.288
136   24.166   28.152
137   22.518   25.98
138   22.242   25.43
139   21.07   23.7
140   20.892   23.106
141   19.868   21.58
142   19.546   21.104
143   18.336   19.534
144   17.956   18.606
145   17.286   18.134
146   16.752   17.452
147   16.184   16.8
148   15.864   16.124
149   15.4391   15.7485
150   14.6232   14.509
151   14.258   14.044
152   13.168   12.802
153   13.368   12.788
154   12.714   12.14
155   11.87   11.276
156   11.78   11.008
157   11.382   10.682
158   10.924   10.154
159   10.388   9.484
160   10.282   9.17
161   10.036   8.984
162   9.704   8.702
163   8.944   7.774
164   8.85   7.768
165   8.43   7.344
166   7.66   6.372
167   7.572   6.332
168   7.65   6.414
169   7.314   6.034
170   7.22   5.958
171   6.68   5.406
172   6.994   5.806
173   6.414   5.234
174   6.398   5.164
175   5.974   4.686
176   5.754   4.472
177   5.962   4.762
178   5.312   4.084
179   5.112   3.922
180   5.31   4.096
181   4.786   3.586
182   4.808   3.554
183   4.682   3.488
184   4.582   3.38
185   4.168   3
186   4.346   3.168
187   3.936   2.766
188   3.888   2.722
189   3.864   2.668
190   3.576   2.452
191   3.43   2.304
192   3.386   2.264
193   3.348   2.266
194   3.26   2.18
195   2.986   1.948
196   2.874   1.834
197   2.922   1.88
198   2.728   1.714
199   2.48297   1.46894
