0   407.289   1968.8
1   402.51   1911.88
2   397.87   1864.22
3   392.014   1821.44
4   387.048   1774.96
5   382.12   1735.21
6   376.188   1691.16
7   370.89   1651.55
8   365.396   1606.09
9   359.108   1565.65
10   353.986   1525.89
11   348.378   1493.35
12   342.872   1454.09
13   338.368   1418.54
14   332.43   1389.57
15   328.342   1355.75
16   321.694   1324.57
17   318.462   1287.93
18   311.706   1259.48
19   306.632   1230.07
20   302.758   1201.42
21   298.16   1175.52
22   292.77   1146.74
23   288.754   1117.43
24   283.63   1092.28
25   279.378   1071.03
26   275.366   1044.92
27   270.684   1022.17
28   265.094   992.116
29   262.332   970.948
30   257.252   945.844
31   253.526   919.632
32   249.936   902.518
33   244.95   878.004
34   241.84   860.402
35   236.704   838.8
36   234.12   813.108
37   229.71   792.948
38   226.606   776.612
39   221.178   754.122
40   218.15   742.204
41   214.128   719.026
42   211.744   704.776
43   208.404   687.188
44   203.394   666.496
45   201.006   657.912
46   197.368   633.788
47   194.18   621.984
48   191.026   606.732
49   188.81   592.536
50   185.88   578.998
51   182.116   558.406
52   178.176   548.61
53   175.284   537.048
54   172.516   517.382
55   168.564   503.994
56   165.44   491.76
57   162.782   478.51
58   160.02   466.268
59   157.65   453.908
60   154.35   439.826
61   151.362   429.802
62   150.136   419.488
63   146.106   406.538
64   143.906   394.582
65   142.516   391.242
66   139.442   376.066
67   136.164   367.082
68   133.118   352.776
69   131.46   343.308
70   128.664   334.786
71   125.6   325.978
72   123.148   315.934
73   121.726   307.818
74   119.192   298.47
75   117.88   289.934
76   115.006   280.644
77   111.406   269.086
78   110.524   265.538
79   107.084   256.854
80   104.978   244.142
81   102.884   240.736
82   101.87   234.632
83   99.452   228.714
84   97.152   219.082
85   94.9   212.816
86   92.828   204.484
87   90.882   197.074
88   89.292   193.202
89   87.116   185.622
90   85.636   182.012
91   85.222   180.088
92   81.576   169.55
93   79.58   162.654
94   78.24   158.746
95   76.954   153.926
96   75.108   147.916
97   73.554   143.444
98   71.088   137.018
99   70.108   132.666
100   67.528   125.046
101   66.216   122.826
102   64.976   119.62
103   63.95   117.438
104   62.734   111.76
105   59.78   106.884
106   58.808   100.888
107   57.686   99.678
108   55.852   95.856
109   53.95   91.274
110   53.098   87.81
111   52.084   85.562
112   49.604   81.072
113   48.712   78.406
114   47.502   74.122
115   46.44   72.388
116   45.5   70.426
117   43.678   66.16
118   42.888   65.756
119   41.16   61.5
120   40.002   58.62
121   39.334   57.534
122   38.852   56.41
123   37.808   53.046
124   36.27   50.072
125   34.582   48.068
126   34.078   46.466
127   32.984   44.968
128   32.728   43.416
129   31.442   41.676
130   30.428   39.522
131   29.12   36.938
132   28.418   35.742
133   27.772   35.42
134   26.614   32.742
135   25.864   31.686
136   24.47   29.028
137   24.086   28.65
138   23.404   27.896
139   23.128   26.936
140   21.79   25.08
141   20.926   23.912
142   19.708   22.144
143   20.002   22.034
144   19.528   21.56
145   18.28   19.906
146   17.754   19.122
147   17.528   18.444
148   16.534   17.218
149   16.11   16.75
150   15.758   16.1
151   15.008   15.51
152   14.308   14.362
153   13.918   14.07
154   13.372   13.038
155   13.09   12.808
156   12.4   12
157   11.504   10.908
158   11.736   10.912
159   10.956   10.206
160   10.7   9.852
161   10.556   9.75
162   10.08   9.018
163   9.818   8.66
164   9.054   8.068
165   9.014   7.898
166   8.702   7.682
167   8.136   6.914
168   7.58   6.426
169   7.492   6.296
170   7.352   6.232
171   7.484   6.22
172   7.052   5.842
173   6.914   5.74
174   6.454   5.148
175   6.188   4.918
176   6.166   4.946
177   5.794   4.53
178   5.68   4.394
179   5.108   3.9
180   4.964   3.778
181   5.002   3.722
182   4.686   3.52
183   4.848   3.66
184   4.348   3.21
185   4.536   3.358
186   4.09   2.946
187   4.248   3.132
188   3.942   2.77
189   3.674   2.558
190   3.674   2.562
191   3.582   2.466
192   3.492   2.402
193   3.346   2.256
194   3.194   2.106
195   3.07   2.01
196   2.96   1.908
197   2.824   1.798
198   2.66   1.638
199   2.46894   1.45491
