0   408.084   2004.45
1   403.558   1958.29
2   398.878   1900.52
3   393.374   1854.98
4   387.808   1805.47
5   382.732   1764.75
6   376.632   1721.65
7   371.748   1684.58
8   366.418   1640.2
9   361.258   1608.65
10   355.448   1572.41
11   349.62   1530.08
12   344.758   1489.31
13   339.048   1456.14
14   335.152   1425.19
15   328.234   1389.08
16   324.06   1356.96
17   320.116   1329.69
18   314.196   1294.34
19   309.65   1265.65
20   305.31   1232.74
21   300.082   1206.82
22   295.602   1178.64
23   291.154   1153.26
24   284.848   1119.99
25   281.264   1099.08
26   275.754   1071.22
27   272.254   1044.65
28   268.454   1021.48
29   262.636   995.942
30   259.29   975.52
31   254.958   948.348
32   250.726   930.264
33   247.218   906.68
34   241.89   883.016
35   238.99   863.962
36   234.602   841.374
37   231.162   823.748
38   226.912   805.792
39   224.044   782.634
40   220.042   763.388
41   217.526   743.692
42   213.208   735.512
43   209.63   713.486
44   206.09   692.948
45   202.6   677.512
46   198.842   661.816
47   195.416   643.162
48   191.21   625.422
49   188.546   612.832
50   186.616   596.234
51   183.058   583.27
52   178.992   563.418
53   175.948   548.434
54   173.492   534.74
55   171.274   527.812
56   168.092   515.6
57   165.17   492.994
58   161.93   484.794
59   159.802   475.038
60   157.102   457.604
61   153.008   447.8
62   150.866   436.194
63   147.934   422.722
64   145.314   412.064
65   142.326   400.324
66   139.962   388.566
67   138.06   379.348
68   135.242   372.754
69   132.462   359.9
70   129.546   347.564
71   127.19   335.232
72   125.536   326.866
73   122.582   319.564
74   121.21   309.968
75   117.236   298.174
76   114.738   289.868
77   114.026   284.198
78   111.476   275.706
79   108.906   265.982
80   106.208   258.806
81   104.998   254.86
82   103.292   242.654
83   100.228   235.97
84   98.068   226.694
85   95.408   220.614
86   95.05   220.076
87   91.772   206.988
88   90.356   199.822
89   88.608   198.644
90   86.068   186.782
91   84.822   183.922
92   82.398   175.832
93   80.43   171.414
94   79.196   167.068
95   77.72   159.836
96   75.942   155.848
97   74.798   151.452
98   73.292   144.726
99   70.918   141.932
100   69.76   137.072
101   68.63   132.768
102   66.624   128.156
103   65.022   121.15
104   63.172   117.742
105   61.094   111.758
106   60.724   110.004
107   58.942   106.396
108   57.298   101.926
109   55.218   97.434
110   54.212   93.416
111   52.972   90.6
112   50.786   84.434
113   50.172   83.772
114   49.092   80.646
115   47.088   76.062
116   45.72   73.974
117   44.052   68.762
118   43.416   67.806
119   42.252   65.922
120   41.476   62.666
121   40.132   60.274
122   38.706   57.26
123   38.072   56.438
124   35.89   51.252
125   35.502   51.144
126   34.926   50.296
127   33.7   46.624
128   33.24   45.196
129   31.52   42.958
130   30.52   41.15
131   30.724   41.548
132   29.354   37.958
133   28.848   37.074
134   27.306   34.704
135   26.662   33.56
136   26.386   33.206
137   25.076   30.912
138   24.286   29.386
139   23.192   28.052
140   22.906   27.036
141   22.038   25.854
142   20.374   23.398
143   20.218   22.9
144   19.796   22.552
145   18.698   20.528
146   18.562   20.734
147   17.632   19.388
148   17.266   18.528
149   16.926   18.174
150   15.674   16.192
151   15.34   15.898
152   15.01   15.298
153   14.424   14.758
154   13.798   13.964
155   12.516   12.438
156   12.988   12.942
157   12.228   11.674
158   11.924   11.484
159   11.44   10.86
160   10.892   10.264
161   10.624   9.938
162   10.356   9.608
163   9.674   8.872
164   9.354   8.442
165   8.828   7.968
166   8.698   7.784
167   8.578   7.576
168   8.106   7.108
169   7.95   6.82
170   7.708   6.638
171   7.206   6.072
172   6.836   5.646
173   6.876   5.714
174   6.592   5.376
175   6.38   5.192
176   5.892   4.698
177   5.91   4.736
178   5.57   4.424
179   5.228   4.052
180   5.212   4.018
181   4.75   3.632
182   4.776   3.608
183   4.686   3.494
184   4.606   3.446
185   4.222   3.07
186   4.286   3.132
187   4.248   3.138
188   3.844   2.698
189   3.844   2.744
190   3.688   2.53
191   3.37   2.254
192   3.46   2.334
193   3.3   2.178
194   3.106   2.042
195   3.042   1.954
196   3.056   2.014
197   2.744   1.72
198   2.69   1.658
199   2.49699   1.49098
