0   407.062   1956.85
1   402.13   1911.95
2   397.36   1856.05
3   391.912   1811.31
4   386.954   1775.11
5   381.484   1729.3
6   376.584   1691.04
7   371.712   1645.29
8   366.296   1607.22
9   360.716   1568.02
10   355.668   1528.8
11   349.56   1499.03
12   345.06   1461.28
13   339.586   1429.95
14   334.878   1397.32
15   330.638   1371.06
16   325.318   1336.73
17   320.828   1304.72
18   315.978   1281.39
19   310.902   1251.43
20   306.258   1216.2
21   301.292   1185.66
22   296.412   1159.29
23   291.428   1128.07
24   287.166   1105.27
25   281.704   1079.75
26   278.356   1051.68
27   274.01   1026.1
28   269.022   1002.71
29   265.378   983.868
30   260.424   953.072
31   256.652   933.028
32   253.006   907.212
33   247.358   891.526
34   244.82   865.778
35   241.134   849.872
36   237.116   825.662
37   233.302   808.412
38   229.224   788.61
39   226.034   765.406
40   221.746   752.502
41   217.672   731.504
42   214.29   712.224
43   211.01   696.496
44   208.184   677.342
45   203.776   658.14
46   200.584   646.226
47   198.526   630.19
48   194.19   614.9
49   190.652   600.172
50   187.7   582.166
51   183.768   565.886
52   180.37   553.196
53   178.72   545.36
54   176.344   533.912
55   171.336   514.234
56   168.38   498.9
57   165.56   483.698
58   163.32   476.306
59   159.792   460.738
60   157.312   444.172
61   155.204   435.718
62   151.136   421.384
63   148.276   408.088
64   145.928   396.962
65   143.218   382.778
66   140.602   376.224
67   137.724   367.944
68   134.596   355.184
69   131.396   343.384
70   129.358   332.966
71   126.522   324.764
72   124.802   317.166
73   122.824   307.358
74   119.516   296.54
75   118.04   291.62
76   114.726   280.538
77   112.894   271.8
78   110.734   261.63
79   108.698   254.044
80   106.198   246.974
81   104.592   242.1
82   101.57   234.922
83   99.71   226.108
84   97.958   219.708
85   96.782   211.996
86   93.686   205.586
87   92.182   199.496
88   90.514   194.312
89   88.14   188.022
90   86.298   178.986
91   84.42   173.266
92   82.04   167.732
93   80.506   163.068
94   78.842   158.714
95   77.192   151.824
96   75.29   149.348
97   73.572   139.588
98   72.134   138.446
99   70.258   132.254
100   69.476   129.45
101   66.82   122.37
102   65.392   119.22
103   64.688   116.004
104   63.128   112.798
105   60.316   105.684
106   58.87   100.804
107   57.558   98.432
108   56.28   94.482
109   55.094   91.316
110   53.716   89.644
111   52.102   84.916
112   51.13   83.198
113   49.178   78.766
114   47.68   73.804
115   47.13   72.698
116   45.806   69.93
117   43.356   65.196
118   42.96   63.89
119   41.81   61.192
120   41.538   60.608
121   39.694   58.002
122   38.386   55.1
123   37.59   52.898
124   36.648   50.934
125   35.426   48.468
126   34.732   47.74
127   32.812   43.484
128   31.818   42.104
129   30.758   40.1
130   30.686   38.588
131   28.976   36.786
132   29.148   36.954
133   27.218   33.366
134   25.912   32.002
135   25.892   31.356
136   24.972   29.718
137   23.992   28.468
138   22.89   26.5
139   22.248   25.344
140   21.994   25.05
141   20.346   22.93
142   19.38   21.454
143   19.58   21.26
144   19.146   20.65
145   17.792   18.972
146   17.406   18.336
147   16.802   17.996
148   16.346   16.876
149   16.352   16.76
150   15.398   15.832
151   14.694   15.074
152   14.0619   13.9641
153   13.479   13.1042
154   12.88   12.566
155   12.424   12.008
156   12.144   11.526
157   11.824   11.238
158   11.612   10.87
159   11.214   10.564
160   10.416   9.524
161   10.512   9.604
162   9.74   8.728
163   9.552   8.632
164   9.22   8.206
165   8.952   7.772
166   8.84   7.552
167   8.282   7.098
168   8.104   6.898
169   7.434   6.202
170   7.584   6.416
171   7.25   6.028
172   6.604   5.408
173   6.522   5.308
174   6.638   5.394
175   6.07   4.762
176   5.972   4.772
177   5.64   4.342
178   5.456   4.252
179   5.124   3.862
180   5.18   3.98
181   4.872   3.652
182   4.856   3.634
183   4.708   3.488
184   4.572   3.326
185   4.276   3.1
186   4.266   3.06
187   3.94   2.816
188   3.816   2.672
189   3.562   2.46
190   3.766   2.612
191   3.486   2.362
192   3.516   2.402
193   3.27   2.178
194   3.226   2.154
195   3.032   1.97
196   3.03   1.982
197   2.704   1.674
198   2.68   1.668
199   2.48297   1.48297
