0   407.375   1977.51
1   402.644   1924.37
2   397.252   1871.15
3   391.828   1820.33
4   386.462   1774.97
5   380.992   1727.23
6   375.434   1690.42
7   368.834   1644.1
8   364.392   1604.95
9   358.746   1567.79
10   353.668   1534.42
11   347.81   1493.29
12   343.024   1457.64
13   337.182   1419.84
14   332.332   1389.95
15   326.702   1354.32
16   321.694   1326.17
17   316.526   1286.29
18   310.982   1256.07
19   306.642   1227.29
20   302.502   1199.47
21   296.736   1170.39
22   292.726   1145.44
23   289.088   1114.86
24   283.666   1091.84
25   279.744   1070.5
26   274.638   1042.12
27   270.946   1018.34
28   266.39   990.43
29   262.35   970.31
30   258.246   944.142
31   253.606   918.806
32   249.28   900.018
33   245.476   882.072
34   240.872   859.402
35   237.61   835.084
36   233.144   815.458
37   230.07   798.5
38   226.334   780.222
39   222.776   761.926
40   218.122   742.792
41   215.876   727.416
42   211.826   699.85
43   208.588   687.1
44   204.058   669.716
45   201.388   649.64
46   196.948   633.178
47   195.412   623.556
48   191.438   606.346
49   187.938   589.602
50   184.006   574.51
51   181.654   559.968
52   178.32   542.6
53   174.388   527.398
54   170.842   513.536
55   167.994   499.042
56   165.12   484.26
57   163.406   472.088
58   159.854   458.57
59   156.186   445.904
60   152.876   432.768
61   150.904   424.686
62   147.756   412.454
63   145.654   400.192
64   142.878   391.288
65   139.472   375.244
66   137.102   368.654
67   135.1   362.65
68   132.67   347.74
69   129.716   340.562
70   127.578   331.338
71   124.252   316.71
72   122.14   309.35
73   119.644   296.876
74   117.474   288.456
75   115.774   283.104
76   113.886   277.034
77   110.44   267.934
78   108.722   258.368
79   107.618   255.246
80   104.876   245.432
81   101.728   232.936
82   100.754   231.532
83   98.79   220.452
84   96.228   215.054
85   94.608   210.95
86   92.43   202.176
87   90.186   192.562
88   88.404   189.282
89   87.16   182.886
90   84.362   175.366
91   82.77   170.584
92   80.726   166.106
93   78.708   158.412
94   77.046   153.396
95   76.272   151.614
96   73.742   143.808
97   71.352   136.7
98   69.662   133.296
99   69.418   131.212
100   67.332   125.62
101   64.852   119.698
102   63.242   114.554
103   63.454   114.926
104   60.874   108.128
105   59.182   104.44
106   58.554   101.772
107   57.406   99.244
108   55.694   93.54
109   53.942   90.208
110   52.89   88.31
111   50.856   83.15
112   49.76   80.18
113   48.9   78.072
114   47.862   75.388
115   46.822   72.988
116   44.622   68.68
117   44.036   67.52
118   41.706   62.522
119   41.438   61.332
120   40.532   59.826
121   39.374   56.196
122   38.1   53.602
123   36.93   51.524
124   36.478   50.99
125   34.618   47.176
126   34.04   45.756
127   32.462   43.112
128   32.044   42.234
129   30.87   40.67
130   30.59   39.254
131   28.77   37.016
132   27.702   34.836
133   27.014   33.548
134   26.238   31.886
135   25.48   30.948
136   25.06   30.2
137   24.208   28.592
138   23.25   26.85
139   22.37   25.452
140   21.73   24.802
141   21.024   23.526
142   19.304   20.96
143   19.126   21.112
144   18.472   19.978
145   17.648   18.974
146   16.784   17.988
147   16.672   17.806
148   15.986   16.254
149   15.536   16.03
150   14.642   14.926
151   15.032   15.452
152   14.0818   14.1537
153   12.9138   12.4749
154   13.112   12.588
155   12.782   12.252
156   11.462   10.746
157   11.646   11.016
158   10.9   10.138
159   11.07   10.422
160   10.53   9.644
161   10.186   9.292
162   9.66   8.666
163   8.962   8.09
164   8.978   7.95
165   8.158   6.988
166   8.494   7.382
167   7.52   6.332
168   7.466   6.218
169   7.42   6.272
170   7.052   5.876
171   7.078   5.968
172   6.47   5.214
173   6.174   4.934
174   6.222   5.01
175   6.008   4.756
176   5.524   4.26
177   5.406   4.178
178   5.656   4.48
179   5.068   3.724
180   5.202   4.014
181   5.158   3.89
182   4.74   3.568
183   4.63   3.454
184   4.478   3.306
185   4.478   3.274
186   4.062   2.924
187   4.086   2.944
188   3.804   2.682
189   3.73   2.568
190   3.812   2.684
191   3.68   2.562
192   3.43   2.352
193   3.28   2.19
194   3.184   2.11
195   3.16   2.096
196   2.954   1.896
197   2.848   1.83
198   2.708   1.692
199   2.48096   1.47896
