0   408.248   2003.84
1   403.812   1950.1
2   398.774   1897.37
3   393.228   1858.11
4   388.444   1805.46
5   382.196   1756.38
6   376.494   1715.73
7   371.302   1670.29
8   365.536   1631.5
9   359.972   1593.68
10   354.828   1553.14
11   349.972   1523.05
12   344.874   1484.41
13   338.83   1452.65
14   333.784   1420.87
15   328.716   1385.43
16   323.852   1344.51
17   317.962   1314.19
18   312.746   1284.02
19   307.698   1256.23
20   303.646   1229.76
21   299.628   1199.48
22   294.92   1172.04
23   289.752   1147.39
24   286.178   1121.96
25   281.376   1095.01
26   276.366   1071.62
27   272.202   1041.53
28   268.508   1017.79
29   263.874   1003.9
30   259.176   974.388
31   256.12   949.55
32   251.53   929.54
33   249.072   905.068
34   242.976   881.376
35   240.944   863.478
36   236.074   846.644
37   232.254   822.884
38   228.082   803.77
39   224.698   781.374
40   221.624   766.758
41   218.214   747.11
42   213.262   729.086
43   210.666   708.224
44   207.326   694.002
45   203.104   673.238
46   200.456   660.68
47   196.766   640.522
48   192.546   627.268
49   190.732   613.546
50   187.422   592.2
51   184.286   584.07
52   180.132   561.404
53   177.912   549.602
54   174.242   539.3
55   171.398   524.082
56   168.306   509.572
57   165.624   494.644
58   161.88   480.198
59   159.768   470.404
60   156.613   458.351
61   154.521   446.17
62   152.392   434.02
63   148.25   419.348
64   145.998   412.424
65   143.34   398.542
66   141.218   388.59
67   138.382   380.402
68   135.146   367.856
69   132.918   358.5
70   131.152   348.194
71   128.576   339.998
72   124.836   328.224
73   122.886   320.936
74   120.356   308.838
75   118.954   299.612
76   115.508   290.112
77   112.98   282.102
78   110.504   268.748
79   108.122   263.854
80   105.874   255.24
81   104.268   247.078
82   103.048   242.998
83   100.344   235.776
84   98.038   226.22
85   95.624   218.522
86   93.634   210.642
87   92.6   208.41
88   91.47   203.338
89   88.176   191.216
90   86.332   186.828
91   84.652   180.876
92   83.248   174.83
93   80.294   165.954
94   79.596   161.654
95   76.57   157.424
96   76.266   153.144
97   73.74   147.872
98   72.438   144.852
99   70.456   136.512
100   68.392   131.864
101   67.084   128.24
102   66.388   126.97
103   64.646   122.106
104   63.006   115.91
105   62.478   113.02
106   59.838   106.016
107   59.04   105.264
108   57.418   100.65
109   55.51   96.526
110   54.686   94.91
111   52.594   89.434
112   52.474   88.72
113   50.28   83.194
114   49.138   80.964
115   47.932   77.006
116   47.606   75.568
117   45.146   72.566
118   43.982   68.656
119   43.664   67.352
120   42.104   64.306
121   41.074   61.116
122   39.148   57.874
123   38.08   55.864
124   37.004   53.606
125   36.21   51.172
126   34.884   49.518
127   34.252   47.696
128   32.844   45.302
129   31.588   42.388
130   31.57   42.11
131   29.79   39.03
132   28.976   37.392
133   28.692   37.01
134   27.392   35.002
135   26.372   32.93
136   25.488   31.164
137   24.824   30.622
138   24.448   29.372
139   22.978   27.066
140   23.248   27.396
141   22.358   26.112
142   21.54   24.9
143   20.256   22.9
144   19.48   21.762
145   18.884   20.626
146   18.664   20.934
147   17.48   19.076
148   17.248   18.72
149   16.334   17.218
150   15.778   16.534
151   15.376   16.192
152   14.992   15.262
153   14.418   14.774
154   13.342   13.348
155   12.966   12.726
156   12.322   11.816
157   12.172   11.766
158   11.688   11.284
159   11.524   10.982
160   10.604   9.914
161   10.822   10.03
162   10.034   9.16
163   9.556   8.69
164   8.972   7.726
165   8.964   7.908
166   8.808   7.86
167   8.458   7.394
168   8.284   7.178
169   7.712   6.678
170   7.386   6.222
171   7.374   6.198
172   6.794   5.63
173   6.76   5.52
174   6.602   5.374
175   5.918   4.688
176   5.948   4.742
177   5.648   4.552
178   5.796   4.624
179   5.686   4.43
180   5.254   4.04
181   4.87   3.692
182   4.828   3.642
183   4.476   3.286
184   4.592   3.402
185   4.482   3.308
186   4.214   3.05
187   3.858   2.674
188   3.932   2.792
189   3.82   2.7
190   3.714   2.596
191   3.58   2.454
192   3.374   2.258
193   3.196   2.13
194   3.134   2.04
195   3.036   1.972
196   2.814   1.776
197   2.756   1.716
198   2.718   1.686
199   2.34669   1.34269
