0   0.359965   0.548639
1   0.116565   0.158807
2   0.0254072   0.0317443
3   0.0498423   0.0542468
4   0.106695   0.0851944
5   0.0336572   0.0162073
6   0.0297229   0.0128366
7   0.00515243   0.00623318
8   0.164127   0.332204
9   0.114874   0.188812
10   0.0986218   0.17174
11   0.181685   0.266012
12   0.155432   0.188015
13   0.079495   0.150004
14   0.265763   0.381229
15   0.297485   0.420253
16   0.335352   0.430995
17   0.0960287   0.100608
18   0.335181   0.470642
19   0.314376   0.380128
20   0.389731   0.449439
21   0.317048   0.266335
22   0.0199996   0.174503
23   0.10437   0.210444
24   0.481129   0.542129
25   0.0544242   0.202282
26   0.20782   0.0716024
27   0.14488   0.570224
28   0.294371   0.801698
29   0.430648   0.870489
30   0.398573   0.10983
31   0.316755   0.983363
32   0.709981   1.57635
33   0.759583   1.67904
34   0.704689   1.65473
35   0.697999   1.67498
36   0.931107   1.81574
37   1.21841   2.44317
38   0.846488   1.94929
39   0.846079   1.90868
40   0.698568   1.7802
41   0.845522   1.84598
42   1.11906   2.26325
43   0.407775   1.45644
44   0.467292   1.65046
45   1.5046   2.58196
46   0.624525   0.135407
47   0.503041   1.87018
48   0.601391   2.20277
49   3.28014   5.05583
50   0.753022   2.77968
51   8.05516   11.2744
52   10.1168   14.7215
53   13.2651   21.1493
