0   407.253   1978.27
1   402.752   1932.94
2   397.364   1875.4
3   393.032   1827.36
4   387.426   1787.05
5   382.192   1742.35
6   377.02   1702.63
7   371.228   1656.66
8   366.556   1624.24
9   360.702   1582.45
10   355.03   1543.25
11   349.76   1504.29
12   343.242   1469.39
13   339.384   1433.35
14   334.57   1403.58
15   328.862   1367.02
16   322.192   1333.8
17   318.062   1300.86
18   313.516   1268.91
19   307.512   1238.48
20   302.168   1204.13
21   298.188   1176.17
22   293.11   1149.61
23   289.268   1122.97
24   284.946   1094.37
25   279.246   1067.86
26   275.556   1048.34
27   270.548   1020.64
28   265.894   992.052
29   262.176   968.694
30   257.518   946.706
31   253.53   923.636
32   250.012   900.496
33   245.012   880.378
34   241.896   855.256
35   237.752   841.28
36   232.896   817.016
37   229.056   797.038
38   225.42   780.818
39   222.15   759.74
40   218.78   740.194
41   214.684   724.472
42   211.29   702.56
43   207.732   684.308
44   203.778   671.986
45   201.114   657.68
46   198.114   638.854
47   194.406   621.61
48   190.248   605.268
49   188.708   592.796
50   184.326   574.742
51   181.466   562.616
52   178.422   548.806
53   174.812   534.718
54   171.792   518.836
55   168.786   504.76
56   165.708   489.398
57   163.656   479.284
58   159.448   461.844
59   157.592   455.336
60   153.836   435.434
61   151.018   426.132
62   149.152   416.782
63   146.282   408.144
64   142.974   394.892
65   141.6   387.308
66   138.868   374.496
67   135.556   363.662
68   133.18   354.21
69   131.032   343.074
70   128.668   330.176
71   126.088   323.25
72   122.5   308.624
73   120.224   300.864
74   118.148   295.204
75   116.184   285.156
76   114.492   279.53
77   110.746   265.004
78   108.362   259.848
79   106.59   254.342
80   105.026   248.786
81   103.794   240.416
82   100.636   231.426
83   98.142   223.27
84   95.344   215.096
85   93.676   209.59
86   91.304   199.894
87   89.412   195.41
88   87.556   187.674
89   86.41   185.73
90   84.516   177.546
91   81.546   169.428
92   80.426   164.288
93   79.816   161.488
94   76.694   151.546
95   75.384   149.288
96   73.828   143.486
97   72   140.466
98   70.458   134.826
99   68.64   131.448
100   66.53   122.544
101   64.982   120.394
102   64.37   118.236
103   62.3   112.046
104   61.418   108.602
105   59.696   105.104
106   58.322   101.046
107   56.806   96.662
108   55.446   95.082
109   53.43   88.678
110   51.878   85.37
111   51.122   83.288
112   51.144   81.488
113   48.878   77.248
114   47.244   74.746
115   45.77   70.722
116   45.418   69.866
117   44.046   67.12
118   42.238   62.28
119   41.874   61.66
120   40.308   59.822
121   39.552   57.334
122   38.298   54.814
123   37.126   51.988
124   35.78   50.044
125   34.668   47.658
126   34.818   48.106
127   33.308   45.232
128   32.37   43.802
129   31.392   41.29
130   29.562   38.32
131   28.718   36.614
132   28.396   36.056
133   27.182   33.826
134   26.722   33.304
135   26.324   32.47
136   24.036   28.828
137   23.908   28.588
138   23.53   27.996
139   22.824   26.726
140   21.892   25.168
141   21.49   24.714
142   19.94   22.172
143   19.732   22.018
144   18.646   20.334
145   17.854   19.188
146   18.088   19.398
147   17.176   18.204
148   17.01   18.026
149   15.926   16.414
150   15.498   15.998
151   14.852   14.942
152   13.996   14.066
153   14.16   14.026
154   13.554   13.324
155   12.726   12.374
156   12.368   12.034
157   12.058   11.428
158   11.676   11.04
159   11.14   10.474
160   10.494   9.618
161   10.504   9.8
162   9.732   8.764
163   9.648   8.58
164   9.482   8.438
165   9.208   7.994
166   8.54   7.434
167   8.302   7.13
168   7.866   6.664
169   7.742   6.652
170   7.646   6.424
171   7.284   5.974
172   6.764   5.564
173   6.626   5.418
174   6.452   5.224
175   6.33   5.078
176   5.692   4.494
177   5.54   4.346
178   5.472   4.242
179   5.456   4.238
180   5.03   3.814
181   4.842   3.628
182   5.068   3.894
183   4.568   3.348
184   4.718   3.51
185   4.256   3.088
186   4.088   2.94
187   4.052   2.89
188   3.798   2.656
189   3.962   2.868
190   3.64   2.5
191   3.584   2.484
192   3.432   2.314
193   3.2   2.108
194   3.202   2.124
195   3.018   1.956
196   3.006   1.97
197   2.882   1.842
198   2.75   1.732
199   2.45291   1.4509
