0   406.902   1945.66
1   401.948   1893.75
2   397.33   1849.84
3   393.154   1808.44
4   387.282   1765.02
5   381.834   1715.78
6   376.754   1670.71
7   370.9   1629.71
8   365.582   1595.51
9   359.64   1553.92
10   354.024   1511.65
11   349.268   1480.89
12   343.95   1444.33
13   339.104   1405.83
14   333.476   1370.67
15   328.982   1345.51
16   324.532   1311.41
17   319.092   1276.52
18   313.658   1251.29
19   309.128   1215.2
20   302.342   1191.12
21   298.116   1160.67
22   292.882   1124.12
23   288.816   1097.6
24   283.604   1075.9
25   280.188   1050
26   275.55   1022.97
27   270.316   998.506
28   267.164   973.968
29   262.022   949.848
30   257.656   928.36
31   253.528   904.838
32   249.878   885.246
33   245.574   859.04
34   242.01   841.33
35   237.19   824.624
36   233.306   798.812
37   229.454   782.402
38   226.428   759.452
39   223.022   739.818
40   217.622   720.82
41   214.5   703.138
42   211.028   687.152
43   208.384   669.624
44   204.12   652.656
45   199.372   636.802
46   197.27   620.236
47   193.552   601.106
48   190.136   588.63
49   186.72   572.946
50   183.636   551.688
51   180.47   538.94
52   176.792   523.278
53   173.202   512.874
54   169.836   493.706
55   168.098   481.414
56   163.798   465.77
57   161.046   452.794
58   157.818   441.42
59   154.478   430.222
60   152.2   416.726
61   149.916   407.896
62   146.206   393.566
63   143.59   383.172
64   140.562   370.544
65   138.286   363.382
66   136.574   354.304
67   133.83   344.566
68   130.066   329.742
69   127.798   322.396
70   126.104   315.95
71   123.922   307.252
72   121.27   297.836
73   119.65   286.836
74   116.502   276.462
75   114.348   270.06
76   112.222   261.92
77   108.398   248.55
78   106.434   244.236
79   105.496   238.194
80   103.018   230.932
81   101.68   227.746
82   98.644   217.072
83   96.936   211.398
84   94.918   203.168
85   92.684   197.204
86   91.372   191.114
87   89.17   182.454
88   87.052   178.022
89   84.892   172.098
90   83.376   166.914
91   81.99   162.576
92   79.394   156.838
93   77.888   149.028
94   76.066   146.646
95   73.276   138.694
96   72.758   136.336
97   70.728   130.904
98   69.048   127.306
99   66.7   120.09
100   65.482   116.622
101   63.86   110.886
102   61.914   106.286
103   61.07   104.918
104   59.672   100.408
105   57.278   95.776
106   56.184   94.012
107   53.97   88.432
108   53.024   85.56
109   51.324   81.108
110   50.296   77.68
111   49.28   75.964
112   46.996   71.796
113   46.47   71.054
114   45.248   67.364
115   44.482   66.45
116   42.616   62.726
117   41.896   59.758
118   40.79   58.088
119   39.672   55.154
120   38.846   54.916
121   36.87   50.84
122   36.698   49.786
123   34.332   45.906
124   33.966   45.094
125   32.512   43.022
126   32.71   42.246
127   31.16   39.87
128   30.35   38.162
129   28.74   35.472
130   28.252   34.948
131   27.41   33.064
132   26.378   31.592
133   26.05   30.958
134   25.286   29.986
135   23.574   27.152
136   22.832   26.164
137   22.16   24.822
138   22.162   25.092
139   21.198   23.482
140   20.498   22.442
141   19.748   21.588
142   18.894   20.368
143   18.236   19.37
144   18.026   18.98
145   17.036   17.812
146   16.698   17.092
147   16.146   16.506
148   15.658   15.81
149   14.914   14.93
150   14.65   14.536
151   13.854   13.732
152   13.06   12.45
153   12.674   12.234
154   12.596   11.92
155   11.544   10.59
156   11.204   10.306
157   11.08   10.066
158   10.934   10.03
159   10.254   9.168
160   9.764   8.72
161   9.886   8.8
162   9.106   7.926
163   8.918   7.852
164   8.318   7.174
165   8.09   6.932
166   8.282   7.14
167   7.75   6.528
168   7.596   6.442
169   7.308   6.046
170   6.866   5.578
171   6.782   5.508
172   6.642   5.362
173   6.108   4.798
174   6.116   4.82
175   5.958   4.682
176   5.926   4.642
177   5.414   4.148
178   5.286   4.05
179   5.212   3.98
180   5.076   3.85
181   4.864   3.624
182   4.63473   3.40918
183   4.45892   3.27856
184   4.11   2.96
185   4.294   3.076
186   4.354   3.144
187   4.03   2.876
188   3.862   2.726
189   3.67   2.568
190   3.722   2.584
191   3.5   2.344
192   3.478   2.352
193   3.318   2.224
194   3.234   2.14
195   3.064   2.006
196   2.956   1.908
197   2.71   1.67
198   2.638   1.618
199   2.45291   1.44689
