0   407.808   1967.06
1   403.062   1918.07
2   398.072   1873.47
3   392.906   1819.69
4   387.828   1777.59
5   381.95   1734.7
6   376.054   1686.38
7   370.348   1647.25
8   365.286   1614.43
9   359.594   1570.84
10   354.316   1543.95
11   349.592   1501.07
12   343.55   1465.07
13   339.75   1426.36
14   333.3   1397.27
15   328.508   1363.85
16   323.786   1329.91
17   318.744   1297.41
18   313.832   1271.08
19   308.968   1240.73
20   304.174   1209.06
21   298.33   1184.64
22   293.848   1155.29
23   289.522   1127.79
24   284.998   1109.81
25   281.234   1077.67
26   277.08   1052.23
27   272.79   1028.45
28   267.152   1007.7
29   263.124   981.424
30   258.782   958.68
31   255.388   934.946
32   250.138   909.98
33   246.368   887.926
34   243.134   867.284
35   237.978   845.976
36   234.382   823.598
37   231.028   805.222
38   226.658   789.856
39   222.64   765.628
40   220.16   746.088
41   215.718   729.516
42   212.22   712.726
43   208.166   697.194
44   205.218   677.814
45   201.596   662.298
46   199.266   647.978
47   195.204   628.972
48   192.4   615.818
49   188.738   595.812
50   185.586   584.418
51   183.196   569.732
52   178.804   553.378
53   176.278   539.876
54   172.85   525.208
55   170.704   509.804
56   167.764   499.162
57   165.418   488.348
58   161.31   470.18
59   158.724   459.906
60   156.41   451.222
61   152.62   436.734
62   149.818   424.102
63   147.974   409.97
64   144.794   405.25
65   142.144   395.688
66   139.308   376.382
67   137.36   370.574
68   133.586   351.908
69   132.148   349.902
70   128.676   339.618
71   125.794   329.348
72   124.966   323.71
73   122.936   313.592
74   118.676   300.492
75   118.12   292.616
76   115.036   285.364
77   112.958   275.846
78   111.324   272.976
79   108.148   258.954
80   106.956   253.412
81   105.358   246.04
82   102.156   240.132
83   101.174   234.39
84   97.812   221.988
85   97.514   220.924
86   93.618   209.242
87   91.756   204.502
88   90.46   197.52
89   89.044   189.888
90   87.088   187.096
91   83.87   178.546
92   82.562   172.044
93   80.392   168.576
94   78.818   159.936
95   76.87   154.952
96   75.256   152.216
97   72.596   144.242
98   72.4   140.952
99   70.588   136.602
100   67.876   129.396
101   67.856   130.356
102   66.104   124.864
103   64.242   117.852
104   63.546   116.29
105   61.618   112.328
106   59.498   107.128
107   57.42   100.99
108   56.084   99.116
109   55.706   95.382
110   52.974   89.172
111   52.178   87.422
112   51.114   84.832
113   49.694   80.456
114   48.034   77.55
115   47.852   76.046
116   46.178   72.966
117   45.402   70.476
118   43.562   66.098
119   42.826   65.504
120   41.562   63.068
121   39.942   58.438
122   38.872   56.67
123   37.786   53.856
124   36.604   53.104
125   36.752   52.438
126   34.694   49.124
127   33.202   45.66
128   32.73   44.386
129   31.34   41.54
130   31.178   41.524
131   29.95   38.632
132   28.61   36.698
133   27.358   34.326
134   26.886   33.744
135   26.348   32.62
136   25.21   31.032
137   24.8   29.898
138   23.49   27.982
139   22.988   26.986
140   22.242   25.88
141   22.238   25.944
142   21.026   24.572
143   20.036   22.352
144   19.218   21.39
145   18.764   20.526
146   17.9   19.264
147   18.104   19.524
148   16.49   17.588
149   15.996   17.076
150   15.526   16.094
151   15.254   15.636
152   14.642   14.908
153   14.012   13.996
154   13.308   13.07
155   12.764   12.622
156   12.37   12.038
157   12.348   11.914
158   11.772   11.37
159   11.302   10.704
160   10.706   9.844
161   10.668   9.738
162   9.81   9.07
163   10.01   9.086
164   9.328   8.382
165   8.934   7.732
166   8.75   7.658
167   7.932   6.804
168   8.092   6.95
169   7.64   6.54
170   7.542   6.292
171   7.046   5.894
172   6.622   5.468
173   6.71   5.454
174   6.206   4.95
175   5.996   4.822
176   6.062   4.814
177   5.782   4.576
178   5.628   4.444
179   5.162   3.954
180   4.886   3.768
181   5.25   3.994
182   5.068   3.818
183   4.646   3.464
184   4.55   3.41
185   4.326   3.168
186   4.318   3.156
187   3.978   2.826
188   4.036   2.876
189   3.786   2.658
190   3.468   2.34
191   3.642   2.53
192   3.454   2.35
193   3.298   2.214
194   3.006   1.928
195   3.118   2.056
196   2.988   1.934
197   2.81   1.772
198   2.674   1.654
199   2.52104   1.50501
