0   406.892   1953.46
1   402.188   1903.59
2   397.656   1855.3
3   392.296   1806.22
4   386.688   1758.78
5   381.194   1719.34
6   375.544   1678.21
7   369.98   1628.72
8   364.404   1591.35
9   358.376   1551.83
10   353.744   1513.43
11   348.308   1477.27
12   342.25   1437.31
13   338.018   1401.09
14   332.646   1375.93
15   327.254   1337.76
16   322.02   1303.93
17   317.054   1271.01
18   311.928   1244.51
19   306.354   1218.14
20   302.43   1186.78
21   296.866   1156.07
22   293.07   1133.7
23   288.622   1100.88
24   282.686   1070.27
25   279.682   1046.73
26   274.314   1021.24
27   269.83   999.304
28   263.726   973.04
29   261   946.502
30   256.988   926.142
31   252.76   904.218
32   248.102   881.27
33   245.194   859.048
34   240.72   840.74
35   236.864   819.32
36   233.336   797.268
37   228.736   783.324
38   224.88   770.616
39   222.24   743.568
40   218.036   726.38
41   214.086   706.874
42   210.552   690.998
43   207.468   672.06
44   202.904   657.12
45   200.728   640.7
46   196.528   620.568
47   193.018   602.308
48   190.61   585.65
49   185.27   573.12
50   183.234   556.304
51   181.178   543.92
52   177.308   529.74
53   174.194   518.056
54   171.16   502.4
55   167.962   490.878
56   165.326   475.736
57   162.672   467.528
58   159.226   451.258
59   155.042   436.558
60   152.776   427.79
61   149.642   412.89
62   147.14   405.816
63   144.554   390.046
64   142.25   381.244
65   139.654   367.988
66   136.864   361.278
67   134.236   351.248
68   131.75   340.134
69   128.072   325.97
70   126.982   319.854
71   124.136   312.144
72   122.778   304.25
73   120.126   290.9
74   118.024   286.62
75   115.008   277.322
76   112.488   267.67
77   110.696   260.168
78   107.588   248.304
79   106.294   245.264
80   103.89   234.752
81   101.798   228.874
82   99.288   220.12
83   96.094   212.932
84   95.642   208.858
85   92.762   200.132
86   92.076   196.604
87   89.94   187.532
88   87.664   181.962
89   85.842   177.888
90   84.386   171.412
91   82.166   165.712
92   81.33   160.498
93   78.264   157.186
94   76.1   147.454
95   74.69   144.568
96   72.868   139.1
97   72.19   136.74
98   69.302   128.58
99   68.868   125.992
100   66.954   122.25
101   64.93   115.038
102   62.742   111.802
103   61.534   109.048
104   60.564   104.684
105   59.08   101.658
106   57.08   96.342
107   56.082   93.136
108   54.466   89.148
109   53.098   85.418
110   52.138   83.576
111   50.776   81.354
112   50.136   78.804
113   47.206   72.624
114   47.222   73.16
115   45.13   68.69
116   44.818   66.476
117   43.526   63.996
118   41.648   60.49
119   40.56   57.6
120   40.18   56.91
121   38.962   54.51
122   38.044   52.642
123   35.874   49.224
124   35.442   47.388
125   34.434   45.898
126   32.15   42.628
127   32.068   42.394
128   31.024   39.53
129   30.491   39.491
130   29.2846   36.8537
131   28.796   35.078
132   27.104   33.528
133   26.652   31.896
134   25.544   30.868
135   24.992   29.718
136   23.848   28.014
137   23.838   27.44
138   22.39   25.344
139   22.032   24.83
140   21.334   24.12
141   20.44   22.172
142   20.174   21.854
143   19.05   20.456
144   18.172   19.284
145   17.926   18.854
146   17.004   17.588
147   16.08   16.448
148   15.416   15.444
149   15.6   15.768
150   14.576   14.6
151   14.772   14.622
152   14.372   13.99
153   12.884   12.386
154   12.722   12.17
155   12.554   11.818
156   11.904   11.178
157   11.94   11.114
158   11.012   10.06
159   10.262   9.342
160   10.008   9.012
161   9.848   8.83
162   9.56   8.59
163   9.008   7.736
164   9.014   7.932
165   8.412   7.286
166   8.316   7.204
167   7.712   6.538
168   7.724   6.466
169   7.332   6.108
170   7.338   6.168
171   7.208   6.014
172   6.968   5.714
173   6.578   5.31
174   6.556   5.198
175   6.16   4.9
176   5.796   4.536
177   5.806   4.592
178   5.434   4.172
179   5.258   4.056
180   5.188   3.964
181   5.108   3.842
182   5.096   3.886
183   4.572   3.364
184   4.628   3.44
185   4.38   3.224
186   3.948   2.806
187   3.858   2.7
188   3.798   2.67
189   3.808   2.652
190   3.624   2.472
191   3.62   2.52
192   3.342   2.246
193   3.276   2.176
194   3.21   2.13
195   2.994   1.918
196   2.922   1.884
197   2.908   1.872
198   2.76   1.752
199   2.4509   1.44489
