0   407.571   1970.57
1   402.5   1920.54
2   397.644   1867.49
3   391.76   1823.08
4   386.42   1773.7
5   381.154   1736.32
6   376.304   1692.28
7   370.89   1650.49
8   365.568   1608.13
9   360.39   1569.95
10   355.04   1537.33
11   349.362   1505.21
12   343.934   1468.31
13   339.97   1432.97
14   333.768   1395.83
15   328.552   1368.48
16   324.15   1335.2
17   318.81   1306.18
18   312.964   1272.55
19   308.62   1242.33
20   305.184   1214.56
21   300.096   1190.44
22   294.992   1162.95
23   291.092   1133.58
24   285.612   1106.3
25   280.748   1080.37
26   276.762   1058.81
27   271.606   1030.7
28   266.09   1007.32
29   264.576   982.1
30   259.008   959.056
31   254.658   935.256
32   250.868   913.424
33   245.8   894.522
34   243.336   868.824
35   237.616   847.218
36   234.712   824.108
37   230.996   812.842
38   227.288   789.282
39   224.182   771.704
40   219.634   750.906
41   217.442   738.498
42   212.646   718.65
43   209.226   697.282
44   205.958   687.36
45   202.002   665.124
46   199.408   653.024
47   195.638   633.14
48   192.142   613.716
49   189.48   602.832
50   185.402   582.394
51   181.61   566.908
52   179.664   553.576
53   176.502   539.782
54   173.376   525.248
55   170.32   513.144
56   166.272   495.544
57   164.12   482.586
58   162.69   475.39
59   158.502   463.37
60   156.312   452.624
61   152.786   439.55
62   149.384   424.89
63   147.99   414.14
64   144.7   403.88
65   141.896   390.652
66   139.344   382.802
67   137.092   370.124
68   133.388   355.402
69   131.424   351.762
70   129.18   341.38
71   126.566   329.774
72   124.058   319.744
73   121.416   310.808
74   119.864   299.654
75   118.146   295.52
76   115.304   286.592
77   111.694   273.066
78   110.908   270.94
79   108.846   262.95
80   106.58   254.38
81   103.744   242.218
82   101.37   234.936
83   99.864   231.692
84   97.202   222.706
85   95.734   216.944
86   92.64   205.552
87   90.974   202.56
88   90.238   196.43
89   87.576   190.304
90   85.714   183.582
91   84.518   176.626
92   82.734   174.126
93   80.08   165.614
94   79.306   162.3
95   76.37   155.246
96   74.95   149.136
97   73.776   147.038
98   71.77   138.638
99   70.874   136.162
100   68.292   129.67
101   67.222   126.376
102   65.726   122.186
103   64.336   118.098
104   62.122   112.948
105   60.264   107.304
106   58.886   105.314
107   58.174   101.374
108   56.812   99.2
109   54.312   94.23
110   54.228   92.374
111   52.418   87.368
112   50.408   83.382
113   50.032   81.068
114   47.904   77.486
115   47.46   74.838
116   45.792   71.608
117   45.26   70.652
118   43.22   65.986
119   42.446   64.398
120   41.002   60.952
121   39.922   58.836
122   38.13   55.556
123   37.574   54.13
124   37.062   52.686
125   35.542   49.92
126   34.66   47.986
127   33.688   46.408
128   31.99   43.43
129   30.992   40.92
130   30.96   40.968
131   29.75   39.008
132   28.826   37.188
133   27.67   35.354
134   27.282   34.162
135   25.456   30.84
136   25.912   31.776
137   23.962   28.804
138   23.456   27.842
139   22.23   26.276
140   22.212   26.142
141   21.758   25.194
142   20.15   22.938
143   20.682   23.238
144   18.74   20.884
145   19.086   21.194
146   18.142   19.946
147   17.75   19.084
148   16.24   17.228
149   16.004   16.71
150   15.054   15.664
151   15.044   15.556
152   13.562   13.516
153   13.58   13.774
154   13.308   12.954
155   13.04   12.628
156   12.414   11.97
157   11.486   10.904
158   11.208   10.508
159   11.192   10.436
160   10.522   9.786
161   10.388   9.476
162   9.76   8.728
163   9.122   8.03
164   8.984   8.104
165   8.764   7.79
166   7.92   6.828
167   8.084   6.952
168   7.946   6.9
169   7.646   6.52
170   7.526   6.388
171   7.204   5.96
172   6.764   5.604
173   6.374   5.204
174   6.256   5.012
175   6.326   5
176   5.866   4.634
177   5.656   4.426
178   5.48   4.296
179   5.322   4.076
180   4.834   3.624
181   5.146   3.92
182   4.844   3.624
183   4.606   3.434
184   4.342   3.146
185   4.24   3.096
186   4.21   3.068
187   4.088   2.932
188   3.88   2.748
189   3.986   2.876
190   3.556   2.406
191   3.452   2.316
192   3.39   2.308
193   3.3   2.188
194   3.1   2.024
195   3.074   2.032
196   2.988   1.944
197   2.762   1.724
198   2.74   1.714
199   2.53507   1.52906
