0   407.647   1982.7
1   402.692   1926.13
2   397.62   1869.94
3   392.476   1832.72
4   387.622   1785.21
5   381.658   1741.26
6   375.364   1698.52
7   370.506   1654.59
8   366.196   1616.29
9   359.3   1576.71
10   354.334   1539.96
11   348.652   1506.46
12   343.476   1471.97
13   338.976   1433.82
14   334.554   1398.84
15   328.228   1372.56
16   323.232   1339.91
17   318.98   1300.81
18   313.418   1275.8
19   308.778   1241.62
20   303.748   1209.98
21   299.204   1183.86
22   294.006   1159.84
23   290.09   1130.77
24   284.356   1103.06
25   281.018   1081.27
26   276.984   1058.63
27   272.326   1028.89
28   267.852   1007.34
29   263.46   981.186
30   259.67   959.906
31   254.742   936.354
32   250.796   917.35
33   247.188   893.94
34   243.858   873.72
35   238.932   850.472
36   235.024   837.656
37   231.946   812.088
38   227.626   792.88
39   223.872   771.142
40   220.188   754.056
41   215.968   737.27
42   213.122   715.098
43   209.798   693.41
44   205.756   683.068
45   202.522   665.958
46   199.128   649.444
47   195.574   630.936
48   192.44   615.436
49   189.588   603.284
50   186.136   587.462
51   182.252   567.646
52   179.258   557.292
53   176.738   544.54
54   173.052   527.22
55   170.256   515.05
56   167.07   500.222
57   164.532   484.002
58   161.664   471.324
59   158.686   460.386
60   155.018   447.1
61   151.287   436.731
62   150.082   426.471
63   147.504   411.224
64   144.46   402.884
65   141.53   387.616
66   138.832   379.556
67   136.1   366.87
68   133.024   354.788
69   131.848   347.418
70   129.936   340.89
71   126.558   331.712
72   123.84   317.306
73   121.06   309.252
74   118.438   303.048
75   117.928   294.96
76   115.332   282.402
77   112.726   277.152
78   110.368   266.016
79   108.184   257.086
80   106.662   254.562
81   103.76   243.89
82   101.618   235.74
83   100   231.128
84   97.748   222.338
85   95.524   214.804
86   92.996   204.228
87   91.17   200.434
88   88.726   192.052
89   86.462   184.316
90   85.982   184.388
91   83.852   175.452
92   81.47   169.648
93   79.804   162.05
94   77.396   156.662
95   75.656   152.502
96   73.572   146.112
97   73.218   143.718
98   71.184   138.69
99   69.448   132.816
100   67.518   128.476
101   66.942   125.068
102   64.67   118.08
103   63.058   114.492
104   61.134   111.588
105   60.318   108.554
106   58.112   103.314
107   56.468   98.526
108   55.886   95.634
109   54.702   92.59
110   53.254   89.124
111   52.16   85.394
112   50.77   82.696
113   49.482   80.186
114   49.016   79.336
115   46.828   73.724
116   45.006   70.712
117   44.468   68.386
118   43.38   66.644
119   41.658   62.282
120   40.862   60.26
121   39.962   59.1
122   39.152   57.03
123   37.522   53.32
124   37.168   53.622
125   35.418   50.04
126   33.5   45.764
127   33.414   45.608
128   32.66   44.128
129   31.36   41.962
130   30.266   40.224
131   30.022   39.29
132   28.13   35.82
133   27.712   35.31
134   26.622   33.476
135   25.752   31.86
136   24.964   30.37
137   24.042   28.546
138   23.936   28.41
139   23.358   27.5
140   21.566   24.732
141   21.036   24.192
142   19.684   22.028
143   19.58   21.628
144   19.332   21.6
145   18.488   19.842
146   17.98   19.718
147   17.076   18.526
148   16.554   17.454
149   15.792   16.3
150   15.712   16.29
151   14.868   15.042
152   14.546   14.904
153   13.832   13.91
154   12.69   12.426
155   12.932   12.588
156   12.33   12.014
157   11.958   11.456
158   11.528   11.038
159   11.588   10.936
160   10.766   10.056
161   10.062   9.356
162   9.678   8.834
163   9.554   8.674
164   8.77   7.684
165   8.86   7.836
166   8.538   7.486
167   8.296   7.13
168   7.86   6.632
169   7.452   6.278
170   7.482   6.326
171   7.068   6
172   6.594   5.43
173   6.456   5.296
174   6.428   5.218
175   6.324   4.99
176   6.09   4.744
177   5.678   4.456
178   5.658   4.45
179   5.268   4.046
180   5.132   3.876
181   4.988   3.802
182   5.058   3.786
183   4.696   3.514
184   4.378   3.238
185   4.332   3.158
186   4.142   2.974
187   4.144   2.962
188   3.838   2.712
189   3.782   2.646
190   3.562   2.428
191   3.522   2.426
192   3.498   2.386
193   3.224   2.13
194   3.126   2.05
195   2.998   1.926
196   3.072   2.006
197   2.808   1.776
198   2.562   1.54
199   2.38878   1.38277
