0   407.1   1948.59
1   402.634   1897.51
2   397.344   1841.82
3   392.022   1799.72
4   386.764   1749.79
5   381.648   1713.15
6   376.78   1665.3
7   370.138   1625.03
8   365   1589.74
9   358.958   1545.05
10   353.084   1509.49
11   348.066   1466.57
12   343.086   1437.05
13   337.086   1402.89
14   332.354   1366.78
15   327.052   1338.59
16   322.758   1308.55
17   317.44   1277.88
18   312.648   1246.14
19   308.35   1219.84
20   302.082   1188.18
21   297.636   1161.47
22   293.23   1131.2
23   288.632   1106.18
24   285.422   1077.13
25   279.172   1052.86
26   275.308   1031.19
27   270.928   1005.63
28   267.584   990.414
29   262.52   963.456
30   259.116   939.814
31   253.598   913.908
32   250.178   890.096
33   247.244   871.77
34   241.908   845.368
35   237.464   826.61
36   232.804   803.854
37   230.296   785.598
38   225.858   766.486
39   222.032   752.414
40   217.988   728.436
41   215.532   712.446
42   211.958   695.036
43   207.398   674.39
44   203.636   655.414
45   200.72   643.936
46   196.858   624.606
47   194.064   611.324
48   190.734   598.728
49   187.244   581.344
50   183.38   564.91
51   181.522   552.996
52   176.978   530.108
53   173.914   515.354
54   170.724   504.22
55   166.84   494.082
56   164.7   477.536
57   160.992   466.604
58   159.892   457.126
59   156.508   441.18
60   153.708   428.442
61   150.58   420.052
62   147.446   407.124
63   144.814   396.358
64   142.584   384.638
65   139.242   375.676
66   136.516   359.076
67   134.648   350.352
68   131.644   340.456
69   129.154   329.466
70   127.322   323.124
71   124.266   312.838
72   122.228   304.394
73   119.086   294.276
74   118.142   289.386
75   115.112   279.306
76   112.236   266.956
77   110.212   257.786
78   108.378   252.52
79   106.43   245.596
80   104.118   240.886
81   101.636   233.764
82   100.456   224.73
83   98.232   220.39
84   96.08   212.708
85   93.714   206.336
86   91.346   197.442
87   90.03   192.116
88   88.112   184.466
89   85.926   179.416
90   84.598   175.664
91   82.312   166.77
92   81.122   164.568
93   79.226   156.552
94   76.462   151.33
95   75.882   148.252
96   72.732   138.83
97   72.286   137.71
98   70.692   132.866
99   69.382   128.468
100   66.196   121.272
101   66.094   119.99
102   64.54   116.974
103   62.146   108.272
104   60.584   105.62
105   59.342   103.106
106   58.116   100.086
107   55.58   93.802
108   54.876   91.16
109   53.15   87.588
110   51.194   84.07
111   50.184   79.65
112   49.81   78.614
113   47.6   73.942
114   46.556   71.608
115   45.448   69.426
116   44.076   65.936
117   43.766   65.54
118   41.602   60.606
119   41.304   61.208
120   39.336   55.854
121   38.366   53.966
122   37.192   52.578
123   36.928   51.28
124   36.102   49.748
125   34.068   45.57
126   33.048   44.248
127   31.868   41.848
128   30.888   40.068
129   29.914   38.646
130   29.936   38.158
131   28.732   36.048
132   28.156   34.866
133   26.696   32.722
134   26.012   31.106
135   25.386   30.596
136   24.81   29.956
137   22.55   25.814
138   23.044   26.474
139   22.076   24.968
140   21.052   24.068
141   20.376   22.614
142   19.64   21.68
143   18.926   20.552
144   18.866   20.216
145   18.004   19.43
146   17.298   18.18
147   16.568   17.412
148   15.662   16.292
149   14.97   15.184
150   15.212   15.64
151   14.892   14.97
152   14.11   14.102
153   13.524   13.452
154   13.182   12.614
155   12.762   12.248
156   12.122   11.478
157   11.632   11.07
158   11.496   10.768
159   10.73   9.86
160   10.718   9.81
161   10.288   9.318
162   9.61   8.634
163   9.664   8.448
164   8.528   7.394
165   8.432   7.316
166   8.268   7.182
167   8.224   6.99
168   7.962   6.808
169   7.434   6.256
170   7.622   6.464
171   6.938   5.668
172   6.668   5.424
173   6.652   5.484
174   6.666   5.354
175   6.094   4.834
176   5.816   4.546
177   5.602   4.418
178   5.302   4.05
179   5.052   3.812
180   4.908   3.7
181   4.826   3.66
182   4.778   3.574
183   4.478   3.206
184   4.37   3.186
185   4.382   3.184
186   3.948   2.786
187   3.838   2.69
188   3.788   2.602
189   3.736   2.596
190   3.564   2.468
191   3.53   2.432
192   3.466   2.356
193   3.324   2.246
194   2.932   1.856
195   2.99   1.948
196   2.924   1.872
197   2.748   1.722
198   2.598   1.582
199   2.43888   1.43487
