0   407.048   1949.62
1   402.672   1897.79
2   396.894   1849.31
3   391.294   1800.06
4   386.674   1752.22
5   381.174   1715.25
6   375.546   1675.65
7   369.332   1632.19
8   364.218   1582.06
9   357.878   1541.99
10   352.632   1506.38
11   346.58   1468.66
12   341.562   1431.96
13   335.208   1388.65
14   329.694   1357.05
15   324.82   1322.53
16   319.81   1293.35
17   314.886   1265.58
18   309.678   1236.02
19   305.504   1195.44
20   300.118   1175.31
21   295.104   1147.98
22   290.216   1119.66
23   286.914   1091.51
24   281.938   1066.17
25   277.188   1038.94
26   273.382   1014.68
27   268.288   990.114
28   263.74   966.494
29   259.93   946.136
30   256.16   925.536
31   250.454   897.978
32   246.674   876.722
33   242.816   856.084
34   239.024   830.036
35   236.088   813.934
36   231.982   795.164
37   228.1   773.302
38   223.248   758.416
39   219.352   735.742
40   216.078   713.158
41   212.54   697.77
42   208.422   678.202
43   204.926   662.684
44   202.956   646.798
45   197.818   632.908
46   195.242   614.326
47   191.414   599.174
48   188.632   587.224
49   184.248   569.102
50   181.75   551.268
51   179.342   541.526
52   175.966   526.118
53   173.8   517.58
54   169.97   498.838
55   166.914   487.77
56   163.692   473.496
57   160.382   454.07
58   158.41   449.118
59   155.458   435.718
60   151.896   426.898
61   149.59   411.926
62   147.414   404.964
63   143.734   391.288
64   140.974   379.026
65   138.478   369.512
66   135.828   358.112
67   134.002   349.506
68   131.1   337.254
69   128.57   328.458
70   126.408   319.03
71   124.378   311.034
72   121.374   301.354
73   118.88   294.514
74   117.052   283.084
75   115.044   275.852
76   112.756   266.724
77   110.64   259.394
78   108.73   252.354
79   105.362   245.796
80   103.4   235.014
81   101.366   227.03
82   100.028   223.798
83   96.594   213.954
84   96.14   210.77
85   94.52   205.834
86   91.698   197.51
87   89.274   188.762
88   88.098   184.646
89   86.118   177.926
90   84.442   170.648
91   81.528   165.792
92   81.188   162.92
93   78.484   156.86
94   76.362   150.23
95   75.304   145.618
96   73.214   139.466
97   71.88   135.706
98   69.238   129.408
99   68.614   128.264
100   66.87   122.946
101   65.55   118.264
102   64.08   114.426
103   61.31   107.47
104   60.262   103.188
105   59.364   101.272
106   57.178   98.516
107   56.634   94.976
108   54.972   90.484
109   53.692   87.576
110   52.02   84.732
111   50.16   79.944
112   49.822   78.086
113   47.62   73.536
114   46.466   71.726
115   45.21   68.25
116   44.084   66.616
117   42.824   62.586
118   40.948   61.246
119   40.948   59.198
120   40.164   57.866
121   38.412   53.768
122   37.586   52.202
123   36.308   50.098
124   35.038   48.522
125   34.426   45.68
126   33.262   43.988
127   32.094   42.1
128   30.926   40.944
129   30.648   39.458
130   30.616   38.614
131   27.946   34.536
132   27.646   33.746
133   26.624   32.316
134   26.084   31.408
135   24.928   29.77
136   24.452   28.962
137   23.868   28.08
138   22.516   26.032
139   22.186   25.464
140   20.898   23.556
141   20.184   22.552
142   19.28   20.998
143   18.762   20.34
144   18.934   20.618
145   17.942   19.066
146   17.466   18.6
147   16.876   17.466
148   15.858   16.528
149   15.434   16
150   15.32   15.328
151   15.008   14.89
152   13.564   13.176
153   13.652   13.544
154   12.714   12.334
155   12.606   12.16
156   12.334   11.588
157   12.03   11.338
158   11.43   10.54
159   11.048   10.212
160   10.686   9.872
161   10.098   9.2
162   9.776   8.818
163   9.382   8.286
164   8.974   7.854
165   8.752   7.644
166   7.878   6.632
167   8.098   6.954
168   7.714   6.502
169   7.452   6.194
170   7.218   6.032
171   7.098   5.856
172   6.668   5.418
173   6.44   5.18
174   6.222   5
175   6.286   5.092
176   6.234   5.008
177   5.676   4.402
178   5.512   4.24
179   5.45   4.176
180   5.05   3.8
181   4.832   3.612
182   4.756   3.584
183   4.702   3.478
184   4.57   3.346
185   4.376   3.196
186   4.234   3.07
187   4.038   2.85
188   4.206   3.026
189   3.82   2.688
190   3.634   2.518
191   3.514   2.408
192   3.372   2.286
193   3.43   2.37
194   3.196   2.136
195   3.09   2.028
196   2.97   1.934
197   2.876   1.82
198   2.63   1.61
199   2.54309   1.53106
