0   406.934   1947.17
1   402.508   1898.17
2   397.648   1849.63
3   392.718   1802.56
4   386.554   1752.95
5   380.956   1713.54
6   375.686   1663.62
7   369.64   1625.65
8   363.59   1578.62
9   357.576   1542.96
10   352.748   1506.9
11   347.718   1467.62
12   341.978   1433.02
13   337.32   1397.09
14   330.834   1362.94
15   325.872   1330.02
16   320.908   1294.96
17   316.768   1270.02
18   310.774   1236.32
19   306.146   1209.86
20   300.76   1176.27
21   295.838   1149.08
22   291.316   1121.76
23   286.504   1094.24
24   281.808   1066.16
25   278.088   1045.64
26   273.886   1020.56
27   268.92   994.182
28   265.102   971.56
29   260.804   944.91
30   256.56   925.226
31   251.954   905.08
32   248.118   884.78
33   244.726   859.422
34   239.798   835.128
35   236.05   816.518
36   232.986   798.154
37   229.014   773.922
38   224.302   759.85
39   220.984   740.29
40   217.966   723.028
41   214.3   704.552
42   210.25   689.414
43   206.932   671.272
44   202.624   655.336
45   199.454   639.354
46   195.91   620.51
47   193.29   602.804
48   189.876   592.776
49   187   574.548
50   182.878   555.032
51   179.374   544.582
52   176.726   534.622
53   173.452   514.87
54   170.324   501.286
55   168.028   488.754
56   164.32   476.424
57   161.418   463.98
58   158.964   456.356
59   155.304   436.166
60   153.198   426.134
61   150.614   413.976
62   147.27   401.77
63   144.512   388.97
64   142.196   382.688
65   140.346   373.424
66   137.86   359.99
67   133.8   349.73
68   131.544   337.12
69   128.748   328.904
70   125.674   319.684
71   124.25   311.75
72   122.116   301.932
73   120.068   293.742
74   117.452   283.564
75   114.494   278.274
76   112.324   268.23
77   109.564   257.894
78   107.718   251.006
79   106.01   244.496
80   104.234   236.976
81   102.096   229.784
82   100.36   223.558
83   96.646   214.286
84   94.718   209.7
85   93.67   203.628
86   91.704   195.874
87   88.108   187.248
88   87.704   184.402
89   86.246   179.556
90   84.422   173.95
91   81.754   164.92
92   80.766   162.57
93   78.838   155.144
94   76.358   151.014
95   75.408   146.154
96   73.484   140.692
97   71.62   137.78
98   70.844   132.994
99   68.346   126.006
100   66.862   122.202
101   64.916   117.84
102   62.966   112.428
103   62.062   110.71
104   59.526   102.52
105   58.596   99.762
106   57.918   98.564
107   55.802   94.08
108   54.61   89.972
109   52.74   87.036
110   52.66   84.674
111   49.872   79.882
112   49.492   77.958
113   47.714   73.918
114   46.83   72.108
115   45.764   70.044
116   44.36   66.59
117   43.65   65.092
118   41.226   60.654
119   41.26   59.624
120   39.432   55.67
121   38.462   54.1
122   37.14   51.432
123   36.188   50.114
124   35.73   49.054
125   33.526   45.232
126   33.796   44.766
127   32.118   42.34
128   31.322   41.18
129   30.476   39.438
130   29.71   37.968
131   27.78   34.722
132   27.592   33.594
133   26.748   32.628
134   25.968   31.15
135   25.024   29.834
136   24.142   28.02
137   23.0619   26.8723
138   23.1743   27.01
139   21.9   24.972
140   21.44   24
141   20.158   22.366
142   19.954   21.906
143   19.414   20.824
144   18.726   20.288
145   18.178   19.228
146   17.986   19.024
147   16.338   16.97
148   15.702   16.118
149   15.416   15.498
150   14.976   15.118
151   14.312   14.192
152   13.52   13.372
153   13.488   13.232
154   12.878   12.336
155   12.354   11.826
156   11.732   11.1
157   11.518   10.748
158   11.154   10.396
159   10.482   9.69
160   10.55   9.718
161   10.156   9.376
162   9.604   8.408
163   9.718   8.608
164   9.336   8.382
165   8.474   7.332
166   7.92   6.712
167   7.904   6.738
168   7.666   6.448
169   7.668   6.416
170   7.132   5.882
171   7.154   5.892
172   6.664   5.414
173   6.252   5.012
174   6.194   4.956
175   5.74   4.488
176   5.792   4.61
177   5.77   4.544
178   5.368   4.12
179   5.096   3.9
180   4.964   3.69
181   5.04   3.784
182   4.672   3.48
183   4.398   3.226
184   4.55   3.34
185   4.042   2.902
186   4.07   2.922
187   3.9   2.764
188   3.638   2.522
189   3.798   2.632
190   3.676   2.532
191   3.544   2.454
192   3.462   2.378
193   3.178   2.094
194   3.122   2.048
195   2.964   1.902
196   2.95   1.9
197   2.724   1.69
198   2.748   1.73
199   2.42886   1.41884
