0   407.733   1989.34
1   403.182   1936.98
2   398.598   1895.41
3   393.468   1843.24
4   388.552   1799.21
5   382.768   1749.79
6   376.802   1711.91
7   371.958   1672.3
8   366.47   1626.57
9   361.29   1587.55
10   355.316   1555.86
11   350.08   1521.3
12   345.436   1481.89
13   339.298   1445.42
14   334.04   1414.6
15   329.224   1382.72
16   324.008   1345.46
17   318.73   1311.08
18   314.132   1280.83
19   308.182   1256.73
20   304.834   1227.27
21   300.254   1201.3
22   294.908   1169.4
23   290.766   1141.87
24   285.882   1113.72
25   281.152   1092.16
26   276.936   1066.3
27   273.472   1039.92
28   267.934   1016.8
29   264.546   992.776
30   260.814   968.072
31   256.054   946.426
32   251.766   923.606
33   247.796   904.54
34   243.142   880.718
35   240.032   860.816
36   236.018   835.856
37   232.688   820.27
38   229.188   804.558
39   224.99   780.134
40   221.846   764.774
41   216.618   740.468
42   214.204   726.216
43   211.028   709.012
44   206.09   685.334
45   203.078   668.67
46   199.294   658.21
47   195.66   639.11
48   192.786   622.548
49   190.36   606.654
50   186.45   590.45
51   182.69   572.146
52   180.248   560.282
53   177.734   544.12
54   173.888   530.822
55   170.434   516.116
56   167.68   506.196
57   164.818   491.614
58   160.574   476.336
59   158.834   462.726
60   156.488   453.252
61   154.492   444.416
62   151.162   431.522
63   148.372   414.316
64   145.112   408.588
65   141.806   392.006
66   139.686   385.748
67   136.72   373.834
68   134.342   360.4
69   133.056   354.232
70   128.696   342.47
71   127.414   336.214
72   125.18   324.562
73   122.562   314.872
74   120.292   304.516
75   117.092   296.54
76   115.746   287.482
77   113.228   278.87
78   110.928   269.948
79   108.414   261.182
80   106.482   255.046
81   104.132   244.886
82   102.162   240.238
83   100.25   233.63
84   98.658   227.534
85   95.858   217.896
86   94.378   213.996
87   92.13   205.654
88   91.264   199.948
89   89.162   193.5
90   86.622   188.24
91   85.294   180.19
92   82.32   172.28
93   80.564   168.122
94   78.858   162.68
95   76.784   155.534
96   75.554   152.192
97   73.726   145.176
98   72.702   143.536
99   70.14   135.468
100   68.892   132.854
101   67.076   127.738
102   66.384   123.144
103   64.586   119.352
104   63.206   115.646
105   61.79   110.968
106   60.208   107.774
107   58.03   102.338
108   56.982   99.316
109   54.632   93.948
110   54.596   93.716
111   52.198   89.532
112   51.082   83.658
113   50.248   83.43
114   48.446   79.52
115   47.854   77.822
116   46.296   74.056
117   44.592   70.174
118   43.744   66.484
119   42.63   64.994
120   42.108   63.628
121   40.276   60.072
122   39.246   57.604
123   38.476   55.368
124   36.8   52.59
125   35.5309   50.992
126   35.3707   48.8657
127   33.492   45.916
128   32.516   44.172
129   32.072   42.64
130   30.248   40.514
131   30.52   40.768
132   29.63   38.604
133   28.2136   36.0818
134   26.9599   33.7114
135   26.892   33.834
136   25.724   32.036
137   24.946   30.402
138   23.746   28.236
139   23.456   27.586
140   22.316   26.446
141   21.122   24.556
142   20.648   23.69
143   19.648   21.966
144   19.152   21.224
145   18.804   20.776
146   18.362   20.02
147   17.182   18.462
148   16.24   17.016
149   16.212   16.86
150   15.292   15.652
151   15.218   15.864
152   15.192   15.768
153   13.912   14.04
154   13.452   13.288
155   12.686   12.516
156   12.574   12.156
157   11.96   11.504
158   11.882   11.416
159   11.228   10.552
160   10.766   10.03
161   10.344   9.516
162   10.072   9.298
163   9.752   8.89
164   9.368   8.422
165   8.938   8.008
166   9.096   8.05
167   8.564   7.512
168   7.826   6.642
169   7.846   6.738
170   7.126   6.028
171   7.516   6.402
172   6.746   5.546
173   6.956   5.746
174   6.598   5.394
175   6.4   5.194
176   6.116   4.918
177   6.008   4.77
178   5.736   4.47
179   5.432   4.196
180   5.366   4.138
181   4.922   3.72
182   4.874   3.68
183   4.762   3.566
184   4.446   3.274
185   4.326   3.16
186   4.294   3.19
187   4.034   2.88
188   4.054   2.91
189   3.926   2.822
190   3.692   2.578
191   3.4   2.296
192   3.426   2.33
193   3.262   2.2
194   3.082   2.032
195   3.1   2.016
196   2.934   1.89
197   2.702   1.666
198   2.756   1.726
199   2.47295   1.46493
