0   407.018   1969.84
1   402.498   1918.17
2   398.314   1867.66
3   392.928   1824.41
4   387.018   1784.99
5   382.642   1731.57
6   377.242   1697.55
7   372.116   1654.99
8   365.83   1620.58
9   360.166   1571.32
10   355.358   1530.84
11   349.99   1499.48
12   343.952   1466.42
13   339.224   1429.29
14   335.03   1397.66
15   328.742   1365.12
16   323.734   1330.76
17   318.814   1300.05
18   313.136   1264.58
19   308.09   1239.77
20   304.258   1211.23
21   299.746   1179.41
22   294.662   1155.23
23   290.016   1127.01
24   285.582   1099.42
25   280.716   1072.74
26   276.348   1048.5
27   272.132   1023.76
28   268.236   1001.83
29   263.546   969.358
30   258.986   949.712
31   254.344   926.746
32   251.242   906.9
33   246.684   880.576
34   243.242   862.634
35   238.954   841.062
36   234.88   819.608
37   231.758   802.232
38   227.72   782.022
39   223.688   766.104
40   220.058   742.878
41   215.714   724.684
42   212.972   710.746
43   210.422   692.988
44   205.844   673.346
45   202.032   659.03
46   198.882   638.048
47   195.196   625.228
48   192.936   611.314
49   188.468   592.818
50   185.816   575.812
51   182.86   557.914
52   178.782   549.22
53   175.638   533.068
54   172.188   519.302
55   170.214   505.03
56   166.602   492.642
57   164.216   481.18
58   161.836   468.168
59   158.178   455.18
60   155.67   442.352
61   153.6   432.084
62   150.326   419.55
63   146.946   407.042
64   144.758   394.974
65   141.468   385.97
66   139.566   376.134
67   137.232   366.096
68   135.124   352.718
69   132.648   349.058
70   128.984   333.526
71   126.868   324.996
72   123.67   316.138
73   122.556   305.816
74   118.426   292.364
75   116.596   287.742
76   114.578   282.092
77   112.97   272.976
78   110.7   266.816
79   107.508   253.38
80   105.944   248.3
81   103.95   240.844
82   101.686   233.896
83   100.048   229.606
84   97.532   217.872
85   96.156   213.626
86   93.246   205.474
87   91.756   196.462
88   88.888   190.444
89   88.288   188.446
90   85.392   180.626
91   84.546   174.422
92   81.49   164.56
93   80.654   161.574
94   77.772   154.596
95   76.92   151.688
96   74.426   144.888
97   72.948   140.21
98   70.88   135.818
99   69.26   129.78
100   66.958   122.846
101   65.906   120.294
102   63.664   115.978
103   62.61   111.456
104   61.778   109.572
105   59.538   105.294
106   59.22   101.932
107   57.326   99.188
108   56.212   95.114
109   54.016   89.668
110   52.558   87.736
111   51.626   84.47
112   50.182   79.952
113   49.086   79.258
114   47.836   75.322
115   45.972   70.58
116   44.878   69.132
117   43.238   66.278
118   43.186   64.688
119   41.984   61.688
120   41.396   60.554
121   39.088   55.77
122   37.95   53.894
123   36.678   51.754
124   35.59   49.448
125   35.344   49.176
126   33.904   46.238
127   33.094   44.84
128   32.112   42.11
129   30.7   39.658
130   29.46   38.35
131   28.63   36.206
132   28.548   35.722
133   27.856   34.702
134   26.68   32.308
135   24.912   30.018
136   25.392   30.47
137   23.882   28.43
138   23.806   27.662
139   22.108   25.414
140   21.136   23.918
141   21.082   23.83
142   20.11   22.278
143   19.164   21.004
144   19.106   20.96
145   18.156   19.554
146   17.688   18.694
147   17.066   18.156
148   15.98   16.974
149   15.292   15.42
150   15.452   15.842
151   14.58   14.576
152   13.52   13.224
153   14.028   14.194
154   13.016   12.62
155   12.55   12.138
156   12.292   11.864
157   11.624   10.816
158   11.872   11.296
159   11.242   10.506
160   10.982   10.316
161   10.396   9.446
162   10.128   9.214
163   9.544   8.492
164   9.018   7.892
165   8.52   7.48
166   8.802   7.696
167   8.296   7.144
168   7.792   6.488
169   7.262   6.08
170   7.226   6.04
171   7.108   5.878
172   6.47   5.306
173   6.426   5.216
174   6.372   5.046
175   6.274   5.104
176   5.724   4.544
177   5.856   4.61
178   5.644   4.474
179   5.284   4.02
180   5.396   4.174
181   4.882   3.66
182   4.67   3.48
183   4.566   3.386
184   4.482   3.294
185   4.638   3.414
186   4.17   3.056
187   4.048   2.89
188   3.858   2.722
189   3.746   2.628
190   3.78   2.658
191   3.6   2.512
192   3.398   2.298
193   3.362   2.254
194   3.06   1.984
195   2.992   1.926
196   3.004   1.94
197   2.822   1.792
198   2.716   1.696
199   2.57515   1.56513
