0   406.97   1949.43
1   402.348   1895.45
2   397.538   1849.57
3   392.088   1802.18
4   386.61   1750.15
5   381.098   1705.72
6   375.518   1660.54
7   369.094   1618
8   363.362   1575.95
9   357.952   1542.32
10   352.42   1501.29
11   347.878   1460.62
12   342.588   1429.88
13   337.838   1394.27
14   331.824   1363.26
15   326.132   1330.4
16   321.612   1293.05
17   315.064   1261.18
18   309.74   1226.47
19   305.302   1201.54
20   300.912   1174.05
21   295.72   1143.82
22   290.998   1119.98
23   286.65   1094.22
24   282.012   1064.95
25   277.51   1043.46
26   273.18   1012.78
27   268.612   991.016
28   264.038   963.816
29   259.866   941.342
30   255.114   923.92
31   251.104   896.478
32   247.974   879.194
33   244.05   859.042
34   238.902   833.792
35   235.828   812.332
36   232.292   800.306
37   228.672   777.316
38   224.236   755.674
39   221.778   738.888
40   217.082   719.694
41   214.694   702.99
42   209.606   683.226
43   206.156   666.226
44   203.222   654.34
45   199.524   639.276
46   196.416   623.442
47   192.936   606.442
48   189.926   588.89
49   186.994   577.274
50   183.366   556.468
51   180.32   541.746
52   176.586   530.22
53   174.316   519.814
54   171.388   499.242
55   168.142   491.098
56   164.568   476.29
57   162.486   466.146
58   158.752   450.86
59   156.012   441.226
60   152.48   426.31
61   149.78   411.078
62   148.266   403.076
63   144.582   393.72
64   142.964   378.492
65   139.496   368.968
66   137.198   359.446
67   133.674   347.492
68   131.29   338.404
69   129.076   329.79
70   127.978   322.524
71   124.358   310.536
72   123.592   303.402
73   119.302   293.364
74   116.966   282.88
75   114.594   275.424
76   112.102   264.492
77   110.5   261.03
78   108.44   251.794
79   106.73   244.566
80   103.718   236.318
81   101.836   230.2
82   99.264   219.29
83   97.192   213.618
84   95.506   209.418
85   93.644   201.58
86   91.616   196.822
87   90.308   191.934
88   87.39   184.022
89   85.456   176.036
90   84.414   173.832
91   81.308   164.874
92   79.662   158.892
93   78.242   154.33
94   76.852   148.804
95   74.67   145.938
96   73.886   142.854
97   71.336   136.312
98   69.86   129.31
99   67.806   124.376
100   66.996   122.42
101   65.866   118.678
102   64.014   113.77
103   63.032   110.04
104   61.186   105.114
105   59.298   103.012
106   56.7   96.376
107   55.866   93.838
108   55.214   91.69
109   53.274   87.062
110   51.86   84.126
111   51.118   82.226
112   48.588   75.686
113   48.274   75.096
114   46.69   72.962
115   45.742   68.964
116   44.31   67.404
117   43.556   65.166
118   41.248   59.908
119   40.226   58.084
120   39.468   56.466
121   38.308   53.938
122   37.698   52.118
123   35.992   49.576
124   34.898   47.496
125   33.54   44.894
126   32.59   43.246
127   31.792   41.256
128   31.27   40.764
129   29.16   36.822
130   29.08   36.966
131   28.154   35.422
132   27.488   34.228
133   26.512   32.418
134   26.264   31.788
135   24.558   28.786
136   24.14   28.418
137   23.118   26.438
138   23.202   26.622
139   21.38   24.39
140   21.212   23.692
141   19.816   22.174
142   19.646   21.598
143   19.272   20.728
144   18.34   19.654
145   17.73   18.63
146   16.484   17.2
147   16.244   16.734
148   15.434   15.614
149   15.14   15.49
150   15.182   15.242
151   14.752   14.744
152   13.974   13.86
153   13.334   12.882
154   12.608   12.116
155   12.714   12.14
156   12.022   11.276
157   11.536   11.02
158   10.852   9.872
159   11.04   10.138
160   10.45   9.456
161   10.2   9.236
162   9.454   8.324
163   9.318   8.19
164   8.792   7.666
165   8.656   7.538
166   7.982   6.812
167   8.264   7.072
168   7.796   6.596
169   6.914   5.698
170   6.942   5.756
171   6.614   5.328
172   6.398   5.1
173   6.802   5.5
174   6.23   5.018
175   6.086   4.802
176   5.862   4.598
177   5.798   4.518
178   5.256   4.01
179   5.374   4.144
180   4.936   3.676
181   4.886   3.678
182   4.866   3.658
183   4.68   3.526
184   4.492   3.292
185   4.236   3.042
186   4.158   2.978
187   4.262   3.106
188   3.688   2.542
189   3.746   2.586
190   3.586   2.482
191   3.654   2.542
192   3.23   2.12
193   3.24   2.148
194   3.174   2.114
195   3.128   2.064
196   2.912   1.86
197   2.868   1.828
198   2.656   1.64
199   2.39078   1.38477
