0   406.677   1933.61
1   402.072   1886.39
2   396.934   1835.32
3   392.372   1791.65
4   387.058   1747.38
5   381.638   1704.7
6   375.278   1655.25
7   370.732   1615.44
8   365.158   1577.32
9   359.654   1539.66
10   353.238   1504.89
11   349.072   1459.53
12   342.61   1431.17
13   338.574   1399.56
14   332.764   1363.41
15   327.976   1329.29
16   322.898   1300.27
17   317.526   1271.07
18   312.874   1239.66
19   308.116   1213.83
20   302.518   1181.33
21   297.658   1157.57
22   293.958   1123.88
23   289.32   1100.26
24   284.984   1074.58
25   279.25   1051.37
26   275.304   1021.08
27   270.628   995.466
28   266.78   970.65
29   262.184   950.976
30   257.002   925.722
31   253.604   905.13
32   249.764   880.508
33   245.31   862.142
34   240.674   839.29
35   238.228   819.252
36   233.788   796.87
37   230.598   778.834
38   225.512   759.898
39   222.716   743.1
40   218.836   722.714
41   215.446   701.728
42   211.344   689.772
43   208.586   672.152
44   204.83   652.508
45   201.266   639.704
46   198.492   622.136
47   195.362   606.032
48   192.068   593.844
49   188.404   582.588
50   184.834   565.674
51   181.288   551.934
52   178.594   534.064
53   175.46   521.402
54   172.578   506.704
55   169.666   496.158
56   166.222   482.042
57   163.734   467.068
58   160.722   453.928
59   157.494   441.354
60   154.702   430.22
61   153.39   418.998
62   149.724   407.712
63   147.716   396.166
64   143.282   384.076
65   141.162   378.782
66   137.846   360.648
67   136.632   357.148
68   135.072   347.746
69   130.58   331.73
70   128.89   327.618
71   125.846   315.36
72   122.442   306.278
73   121.338   296.322
74   118.66   291.17
75   116.534   277.67
76   114.124   271.5
77   112.218   265.924
78   110.5   257.802
79   107.526   249.366
80   105.454   241.388
81   103.262   230.778
82   100.988   225.018
83   97.6713   218.022
84   96.84   212.122
85   94.162   201.38
86   92.238   198.156
87   90.494   191.122
88   89.016   186.522
89   87.44   183.478
90   84.752   174.604
91   82.442   167.856
92   80.824   160.036
93   78.936   155.634
94   77.222   150.502
95   74.76   143.656
96   74.002   138.884
97   71.486   133.306
98   70.584   133.44
99   69.08   126.176
100   67.456   123.35
101   65.41   117.072
102   62.884   111.886
103   61.862   106.95
104   60.642   104.046
105   59.274   101.376
106   57.788   98.562
107   57.022   95.01
108   54.28   89.906
109   53.678   87.546
110   52.744   83.86
111   50.906   81.048
112   50.322   79.47
113   48.496   75.058
114   46.926   72.126
115   46.338   70.428
116   44.994   66.778
117   43.42   64.658
118   41.374   60.31
119   39.974   58.046
120   39.848   57.302
121   39.368   56.482
122   37.834   52.816
123   35.568   48.084
124   35.28   47.778
125   33.288   45.454
126   34.384   46.622
127   32.9   43.52
128   31.29   40.494
129   30.684   39.624
130   29.388   37.578
131   28.444   35.772
132   27.61   33.626
133   25.864   30.868
134   26.246   31.658
135   24.758   29.062
136   24.106   28.344
137   23.814   28.072
138   23.018   26.344
139   21.946   24.594
140   21.666   24.158
141   20.346   22.676
142   19.65   21.562
143   19.246   20.97
144   18.798   20.718
145   17.912   18.884
146   17.668   18.856
147   16.938   17.836
148   15.922   16.196
149   15.806   15.98
150   14.934   14.864
151   14.764   14.978
152   14.032   13.722
153   13.736   13.358
154   12.478   11.864
155   12.384   11.688
156   12.268   11.46
157   11.672   10.744
158   11.072   10.294
159   10.546   9.598
160   10.528   9.438
161   9.978   8.82
162   9.754   8.556
163   9.294   8.218
164   8.8   7.652
165   8.458   7.368
166   8.348   7.188
167   7.938   6.72
168   7.98603   6.68862
169   7.66333   6.35471
170   6.886   5.582
171   6.542   5.306
172   6.594   5.354
173   6.368   5.138
174   6.292   5.038
175   6.024   4.732
176   5.516   4.3
177   5.64   4.346
178   5.556   4.278
179   5.102   3.892
180   5.168   3.938
181   5.174   3.958
182   4.702   3.444
183   4.642   3.414
184   4.468   3.324
185   4.118   2.954
186   3.984   2.83
187   3.956   2.788
188   3.844   2.674
189   3.916   2.76
190   3.626   2.498
191   3.478   2.338
192   3.238   2.118
193   3.192   2.126
194   3.212   2.132
195   3.228   2.174
196   2.924   1.878
197   2.652   1.62
198   2.756   1.726
199   2.52104   1.50301
