0   407.132   1949.09
1   401.792   1899.99
2   397.306   1856.3
3   392.064   1810.29
4   387.062   1755.88
5   382.184   1721.65
6   376.098   1676
7   371.374   1640.48
8   365.45   1594.98
9   359.324   1558.95
10   354.11   1515.01
11   348.234   1474.71
12   344.162   1445.64
13   337.112   1410.02
14   332.818   1375.34
15   326.722   1340.58
16   322.376   1308.17
17   317.608   1278.28
18   313.19   1250.78
19   308.338   1219.85
20   301.756   1190.2
21   298.104   1161.98
22   293.1   1130.22
23   289.41   1106.92
24   283.818   1082.06
25   279.308   1052.35
26   274.944   1031.78
27   270.614   1003.34
28   266.86   977.798
29   260.968   958.298
30   257.226   928.086
31   253.822   910.896
32   249.446   890.97
33   246.63   869.114
34   241.362   849.332
35   237.68   826.384
36   233.946   806.592
37   230.042   787.924
38   225.46   765.544
39   222.1   742.238
40   218.386   722.824
41   213.456   710.072
42   211.458   692.59
43   206.958   673.978
44   204.426   658.108
45   199.896   643.05
46   197.15   625.602
47   194.026   610.384
48   191.18   596.314
49   187.758   576.992
50   184.472   567.246
51   181.562   552.966
52   177.744   535.562
53   175.004   524.656
54   170.382   507.544
55   169.606   500.022
56   165.64   484.608
57   161.662   468.466
58   159.014   458.648
59   156.038   446.5
60   153.922   433.2
61   150.704   422.088
62   148.64   408.03
63   144.648   392.906
64   142.852   384.392
65   140.126   372.348
66   138.23   364.274
67   134.59   354.702
68   131.436   341.578
69   130.432   337.312
70   126.666   323.848
71   125.622   317.764
72   122.25   302.47
73   120.018   297.984
74   118.324   293.328
75   115.828   281.808
76   113.172   272.386
77   110.278   261.162
78   108.508   255.402
79   107.864   249.124
80   103.892   239.104
81   102.742   233.622
82   100.864   225.558
83   98.934   220.432
84   95.94   212.274
85   94.314   204.714
86   91.206   194.924
87   90.33   193.684
88   87.588   186.732
89   86.446   179.69
90   84.1   172.058
91   82.602   169.764
92   80.502   162.006
93   78.21   155.242
94   76.15   148.268
95   75.588   145.486
96   73.938   141.968
97   71.188   135.75
98   70.088   130.79
99   68.5   126.488
100   66.488   120.752
101   65.672   118.808
102   63.208   114.944
103   61.96   109.56
104   60.268   105.708
105   58.476   100.712
106   57.07   97.486
107   56.344   96.034
108   55.046   90.592
109   52.16   87.156
110   52.732   86.046
111   50.2   80.834
112   48.87   77.344
113   47.708   74.308
114   46.702   72.602
115   46.32   70.78
116   43.978   66.122
117   43.608   64.89
118   42.06   62.162
119   40.382   58.136
120   39.726   56.308
121   38.282   54.586
122   37.672   53.544
123   36.584   49.858
124   35.746   49.51
125   33.954   45.764
126   32.81   44.036
127   32.292   42.982
128   30.984   40.534
129   30.352   39.118
130   29.076   37.118
131   28.29   34.87
132   26.844   33.454
133   26.852   33.092
134   26.21   31.83
135   25.512   30.708
136   23.264   27.318
137   23.776   27.73
138   23.176   26.65
139   21.792   25.018
140   21.256   23.88
141   20.468   22.548
142   19.856   21.738
143   19.48   21.24
144   18.688   20.13
145   17.506   18.648
146   16.748   17.338
147   17.072   17.808
148   16.594   17.172
149   15.594   15.968
150   15.172   15.348
151   14.498   14.59
152   13.942   13.796
153   13.358   13.024
154   12.696   12.034
155   12.096   11.534
156   12.062   11.42
157   11.764   11.042
158   11.276   10.374
159   10.95   10.048
160   10.51   9.664
161   9.788   8.794
162   9.392   8.38
163   9.396   8.42
164   8.77   7.622
165   8.606   7.534
166   8.502   7.35
167   8.112   6.97
168   7.744   6.544
169   7.302   6.132
170   7.546   6.284
171   7.008   5.736
172   6.844   5.548
173   6.32   5.12
174   6.576   5.392
175   5.844   4.588
176   5.8   4.518
177   5.504   4.192
178   5.326   4.046
179   4.926   3.708
180   5.172   3.926
181   4.986   3.78
182   4.962   3.74
183   4.6   3.354
184   4.244   3.092
185   4.372   3.186
186   4.146   2.952
187   4.226   3.052
188   3.82   2.644
189   3.806   2.696
190   3.538   2.42
191   3.532   2.434
192   3.516   2.388
193   3.266   2.176
194   3.27   2.174
195   3.108   2.036
196   2.936   1.882
197   2.808   1.77
198   2.682   1.668
199   2.43687   1.42886
