0   407.715   1974.46
1   402.766   1928.37
2   397.808   1879.64
3   392.618   1828.58
4   387.93   1786.68
5   382.834   1742.86
6   377.632   1706.02
7   372.456   1665.87
8   366.466   1620.63
9   360.636   1584.29
10   356.304   1550.66
11   351.148   1511.63
12   345.22   1480.03
13   340.428   1438.14
14   334.634   1409.2
15   330.148   1373.2
16   325.426   1346.43
17   320.576   1325.33
18   314.774   1283.74
19   310.422   1253.64
20   306.042   1224.17
21   300.522   1195.04
22   297.05   1168.26
23   291.272   1135.93
24   286.91   1109.93
25   281.7   1082.16
26   277.328   1060.29
27   273.142   1030.48
28   267.996   1009.95
29   264.176   985.042
30   259.75   960.064
31   255.012   938.752
32   250.856   908.992
33   247.656   888.562
34   242.848   872.318
35   239.21   849.904
36   235.392   827.09
37   231.374   807.274
38   227.57   790.416
39   223.182   770.042
40   219.818   748.808
41   215.77   733.93
42   213.188   720.81
43   209.038   694.822
44   206.438   679.768
45   201.606   664.564
46   198.466   644.54
47   195.5   629.04
48   190.91   612.968
49   189.028   597.478
50   185.586   577.672
51   181.68   560.57
52   177.99   549.776
53   175.534   540.044
54   173.168   524.798
55   169.372   511.234
56   167.294   498.146
57   163.57   484.166
58   160.592   472.79
59   158.672   460.99
60   155.614   451.944
61   152.838   433.706
62   149.632   424.108
63   146.528   407.042
64   144.396   401.092
65   142.424   389.868
66   139.764   377.662
67   135.848   367.41
68   133.434   354.502
69   131.794   348.11
70   129.914   335.69
71   126.548   327.43
72   123.304   315.488
73   122.088   310.56
74   120.31   301.512
75   117.186   293.524
76   114.744   277.61
77   113.082   274.522
78   109.678   266.68
79   107.39   257.52
80   105.674   248.53
81   104.678   245.194
82   101.926   234.53
83   99.234   225.394
84   98.144   222.258
85   94.8   214.194
86   94.554   210.336
87   92.196   202.984
88   89.98   196.832
89   87.89   188.408
90   86.268   184.802
91   85.346   179.84
92   82.948   171.57
93   80.732   168.236
94   78.544   159.952
95   76.708   153.968
96   75.742   149.02
97   73.672   143.692
98   71.816   138.626
99   69.318   131.306
100   68.884   131.184
101   67.264   126.304
102   64.776   118.55
103   63.79   116.684
104   62.004   110.964
105   60.85   108.904
106   59.42   105.162
107   57.854   101.016
108   57.474   99.452
109   54.256   92.842
110   54.01   91.154
111   52.078   86.38
112   50.798   82.738
113   48.654   77.818
114   48.108   75.498
115   46.144   71.964
116   45.3   70.754
117   44.284   68.008
118   44.02   66.618
119   41.286   62.108
120   40.938   60.552
121   39.334   57.604
122   38.276   54.924
123   37.628   53.432
124   36.676   51.512
125   35.17   47.912
126   35.076   48.138
127   33.204   44.74
128   31.872   42.482
129   30.942   40.848
130   30.242   39.48
131   29.218   37.888
132   28.35   35.564
133   27.256   34.226
134   27.226   34.23
135   26.396   32.564
136   24.442   29.29
137   24.406   29.526
138   24.146   28.702
139   22.95   26.876
140   22.35   26.162
141   22.016   25.298
142   19.878   22.278
143   20.07   22.894
144   18.758   20.494
145   18.432   20.034
146   17.726   19.234
147   17.196   18.452
148   16.258   16.948
149   15.6   16.154
150   15.728   16.412
151   14.936   15.024
152   14.23   14.228
153   13.42   13.304
154   13.776   13.666
155   12.514   12.178
156   12.326   11.842
157   11.788   11.046
158   11.292   10.618
159   10.69   9.948
160   10.664   9.934
161   10.048   9.164
162   9.72   8.806
163   9.394   8.452
164   9.006   8.068
165   8.692   7.55
166   8.866   7.872
167   8.256   7.128
168   7.91   6.75
169   7.758   6.614
170   7.112   6
171   7.208   5.976
172   6.756   5.51
173   6.484   5.244
174   6.514   5.274
175   6.18   5.002
176   6.346   5.118
177   6   4.784
178   5.566   4.334
179   5.37   4.166
180   5.036   3.798
181   5.196   4
182   4.976   3.732
183   4.66   3.47
184   4.562   3.398
185   4.502   3.3
186   4.434   3.268
187   4.01   2.862
188   3.882   2.704
189   4.026   2.936
190   3.518   2.382
191   3.54   2.442
192   3.43   2.33
193   3.376   2.256
194   3.172   2.086
195   3.116   2.062
196   2.916   1.85
197   2.814   1.774
198   2.692   1.658
199   2.46092   1.45291
