0   406.882   1957.95
1   401.858   1902.68
2   397.134   1853.78
3   391.786   1808.12
4   386.772   1763.71
5   380.796   1716.56
6   375.968   1676.35
7   370.522   1640.7
8   364.87   1590.48
9   359.122   1552.57
10   353.382   1510.83
11   348.446   1480.47
12   342.536   1440.82
13   337.778   1406.86
14   332.984   1376.66
15   326.702   1344.2
16   321.856   1312.33
17   316.82   1278.66
18   312.124   1245.26
19   307.232   1218.25
20   303.022   1188.05
21   297.674   1160.22
22   293.348   1133.32
23   288.46   1114.32
24   284.954   1085.6
25   280.272   1058.34
26   276.094   1032.82
27   270.984   1009.72
28   266.778   982.594
29   262.048   961.522
30   257.716   934.756
31   253.844   913.594
32   248.69   887.36
33   245.262   868.942
34   240.536   843.908
35   237.076   822.492
36   233.882   805.222
37   229.566   785.75
38   225.446   767.124
39   222.838   752.518
40   218.184   729.448
41   215.362   712.298
42   211.524   694.104
43   207.832   675.898
44   204.232   655.208
45   201.028   639.812
46   197.678   626.352
47   193.962   608.892
48   191.188   589.72
49   186.592   575.446
50   183.71   562.312
51   180.802   547.946
52   176.638   532.562
53   174.156   519.084
54   171.078   505.17
55   166.882   492.034
56   165.598   478.534
57   163.554   468.558
58   160.182   457.29
59   157.526   441.118
60   153.41   428.312
61   151.112   419.576
62   147.664   399.992
63   144.632   393.932
64   142.322   384.58
65   140.516   373.176
66   137.466   362.976
67   134.376   352.22
68   132.828   343.248
69   129.796   329.35
70   127.484   322.94
71   124.952   312.734
72   121.964   302.47
73   120.932   296.222
74   118.376   288.06
75   116.396   281.832
76   112.958   269.646
77   109.984   258.536
78   108.608   253.662
79   106.154   246.046
80   103.704   238.082
81   102.69   231.334
82   100.132   223.608
83   98.074   216.998
84   96.248   211.328
85   93.868   205.022
86   92.05   199.118
87   90.748   192.038
88   87.318   183.138
89   85.406   177.012
90   83.986   173.142
91   82.396   167.986
92   80.218   159.718
93   79.77   157.51
94   76.482   149.148
95   75.232   143.736
96   73.07   139.426
97   72.374   136.372
98   69.22   129.274
99   68.032   126.584
100   65.702   118.538
101   64.684   116.774
102   63.606   113.836
103   60.798   105.854
104   61.098   106.61
105   58.714   100.552
106   57.676   98.116
107   55.33   92.446
108   55.022   90.764
109   52.406   86.942
110   52.22   85.878
111   50.846   81.742
112   49.536   77.548
113   48.416   75.248
114   46.612   71.104
115   46.308   69.75
116   44.134   66.778
117   42.954   64.262
118   41.758   61.346
119   41.2   59.798
120   39.428   56.172
121   38.084   53.674
122   37.376   51.946
123   35.848   49.058
124   33.866   45.572
125   34.358   45.986
126   32.838   43.776
127   32.14   41.552
128   30.968   40.164
129   29.98   38.966
130   29.888   38.75
131   28.37   35.472
132   26.638   32.804
133   26.186   31.198
134   25.616   30.794
135   24.96   29.618
136   23.726   27.53
137   23.514   27.002
138   22.394   25.312
139   22.21   25.49
140   21.686   24.264
141   20.682   23.18
142   19.61   21.5
143   19.506   21.626
144   18.382   19.406
145   17.808   19.118
146   17.218   17.922
147   16.936   17.398
148   16.4   16.866
149   15.244   15.388
150   15.07   15.294
151   15.198   15.508
152   13.818   13.92
153   13.374   12.95
154   12.794   12.21
155   12.478   11.992
156   11.752   11.022
157   11.726   11.048
158   11.156   10.276
159   10.272   9.458
160   10.208   9.188
161   9.854   8.93
162   9.886   8.868
163   9.002   7.932
164   8.984   7.99
165   8.778   7.538
166   7.984   6.706
167   7.868   6.706
168   7.88   6.826
169   7.268   6.072
170   7.294   6.106
171   6.992   5.666
172   6.872   5.488
173   6.482   5.226
174   6.462   5.284
175   6.014   4.7
176   5.728   4.378
177   5.696   4.54
178   5.518   4.264
179   5.424   4.126
180   5.104   3.9
181   5.042   3.818
182   4.936   3.732
183   4.724   3.482
184   4.696   3.522
185   4.486   3.312
186   4.16   2.972
187   4.132   2.946
188   3.87   2.726
189   3.732   2.578
190   3.602   2.448
191   3.492   2.392
192   3.562   2.426
193   3.218   2.104
194   3.176   2.102
195   3.124   2.062
196   2.992   1.948
197   2.844   1.814
198   2.696   1.69
199   2.51503   1.50301
