0   407.661   1987.43
1   403.14   1940.56
2   397.894   1881.92
3   392.804   1841.74
4   387.894   1792.83
5   382.142   1757.44
6   376.872   1710.98
7   371.79   1667.53
8   366.228   1636.31
9   361.534   1597.37
10   355.566   1553.23
11   350.718   1515.39
12   344.764   1484.76
13   339.236   1450.75
14   335.45   1414.7
15   329.266   1382.87
16   325.294   1355.29
17   319.566   1323.26
18   315.33   1290.25
19   309.508   1256.12
20   305.002   1226.62
21   299.134   1199.22
22   295.244   1166.79
23   290.122   1138.35
24   285.72   1112.98
25   281.856   1087
26   276.746   1059.97
27   273.102   1038.28
28   268.766   1013.43
29   263.5   988.484
30   259.464   968
31   256.438   941.044
32   251.776   917.31
33   247.22   900.716
34   243.876   879.95
35   241.024   859.962
36   236.228   840.106
37   232.502   818.556
38   228.64   800.718
39   225.394   781.3
40   221.498   757.53
41   217.406   741.878
42   213.962   722.284
43   210.8   706.614
44   207.472   691.28
45   203.864   673.528
46   200.132   658.472
47   197.696   645.876
48   194.1   623.67
49   189.366   608.07
50   187.42   589.65
51   183.182   573.386
52   179.946   558.862
53   176.904   548.254
54   174.24   531.644
55   170.476   522.416
56   168.108   503.982
57   164.4   487.794
58   161.814   475.344
59   158.748   468.19
60   156.994   454.716
61   152.936   442.492
62   150.318   427.124
63   147.904   416.968
64   145.518   403.08
65   142.302   393.132
66   139.584   378.874
67   136.98   369.708
68   134.9   363.506
69   131.902   352.338
70   129.87   345.246
71   127.868   334.108
72   125.13   324.534
73   122.658   313.276
74   119.158   301.796
75   117.9   294.158
76   115.858   288.406
77   113.782   279.418
78   111.582   271.264
79   109.675   260.8
80   106.818   251.876
81   105.024   249.508
82   102.93   241.666
83   100.346   229.138
84   99.024   226.252
85   95.902   218.428
86   93.318   208.752
87   92.496   205.056
88   89.474   197.426
89   88.576   193.386
90   87.152   186.408
91   85.544   180.954
92   83.406   175.37
93   80.602   168.272
94   80.304   164.394
95   77.692   156.782
96   76.698   154.42
97   73.412   144.948
98   73.062   144.016
99   71.064   139.11
100   68.318   132.36
101   68.258   129.398
102   65.99   124.312
103   64.06   118.128
104   62.514   114.376
105   61.778   111.098
106   58.992   104.768
107   58.854   104.634
108   57.044   99.43
109   55.888   95.262
110   54.11   92.582
111   52.598   88.382
112   51.062   85.094
113   50.534   82.884
114   49.276   80.082
115   47.704   76.81
116   46.182   72.198
117   45.244   71.238
118   43.608   66.494
119   42.698   65.63
120   41.426   62.356
121   39.746   58.932
122   38.652   56.136
123   37.546   54.042
124   36.646   52.372
125   35.67   50.706
126   34.65   48.728
127   33.424   45.806
128   32.148   43.614
129   31.402   41.804
130   30.448   40.5
131   29.834   38.766
132   29.464   38.048
133   28.366   36.532
134   27.044   33.962
135   25.902   31.684
136   24.712   29.926
137   24.838   30.158
138   23.624   28.444
139   23.312   27.542
140   22.076   25.546
141   21.29   24.57
142   21.562   24.798
143   19.786   22.096
144   19.906   22.386
145   18.73   20.156
146   18.384   20.076
147   17.134   18.374
148   16.896   17.676
149   16.562   17.578
150   16.346   17.104
151   15.418   16.198
152   14.906   15.074
153   14.438   14.798
154   14.156   14.084
155   13.04   12.708
156   12.476   12.108
157   11.324   10.788
158   11.83   11.19
159   11.246   10.662
160   11.276   10.542
161   10.672   9.722
162   10.164   9.486
163   10.018   9.094
164   9.598   8.752
165   8.98   8.018
166   8.596   7.61
167   8.156   7.002
168   8.334   7.124
169   7.7   6.602
170   7.066   5.916
171   6.988   5.762
172   6.84   5.578
173   6.918   5.698
174   6.43   5.214
175   6.18   4.974
176   6.004   4.78
177   5.996   4.738
178   5.562   4.33
179   5.504   4.342
180   4.992   3.762
181   5.152   3.912
182   4.958   3.796
183   4.696   3.498
184   4.622   3.412
185   4.292   3.168
186   4.19   3.02
187   4.088   2.908
188   4.266   3.122
189   3.954   2.81
190   3.812   2.676
191   3.608   2.516
192   3.502   2.402
193   3.36   2.278
194   3.202   2.11
195   2.96   1.922
196   2.902   1.854
197   2.9   1.856
198   2.622   1.606
199   2.47695   1.46493
