0   407.433   1966.47
1   402.866   1920.56
2   398.096   1867.41
3   393.062   1818.56
4   387.786   1781.33
5   382.088   1740.99
6   376.72   1691.95
7   371.602   1647.9
8   365.662   1609.63
9   360.336   1567.35
10   355.554   1532.34
11   349.406   1496.94
12   344.072   1458.15
13   338.168   1422.31
14   333.552   1383.05
15   328.704   1356.99
16   322.368   1329.53
17   317.894   1294.7
18   313.3   1262.64
19   308.036   1239.98
20   304.332   1206.14
21   298.822   1178.81
22   294.77   1149.81
23   289.89   1125.59
24   284.932   1100.57
25   281.436   1079.58
26   278.038   1049.05
27   273.072   1024.22
28   267.846   997.214
29   262.712   975.87
30   258.892   956.268
31   255.214   931.822
32   251.232   905.496
33   246.486   889.142
34   243.694   866.15
35   239.216   840.974
36   235.69   822.218
37   231.27   799.436
38   226.84   778.396
39   223.524   758.006
40   219.246   741.56
41   216.058   720.976
42   212.432   704.286
43   207.88   684.054
44   203.356   665.41
45   201.824   649.272
46   198.364   639.216
47   194.684   621.806
48   190.946   604.6
49   189.2   589.64
50   184.772   576.002
51   182.17   560.966
52   178.318   544.72
53   175.172   529.546
54   172.876   515.424
55   169.574   502.816
56   166.094   490.49
57   163.272   475.022
58   160.152   463.052
59   158.466   452.598
60   154.92   441.598
61   151.744   426.162
62   149.342   416.002
63   146.146   405.366
64   142.746   389.896
65   140.578   384.098
66   138.732   372.828
67   136.08   365.096
68   133.524   352.01
69   130.458   340.666
70   128.678   331.64
71   125.476   321.63
72   123.754   316.084
73   121.536   307.536
74   119.748   299.25
75   117.58   292.508
76   114.852   280.888
77   112.612   271.37
78   109.592   261.488
79   108.23   256.804
80   105.518   244.478
81   103.46   238.5
82   101.302   230.146
83   98.7   223.5
84   97.166   217.954
85   95.594   211.694
86   92.314   202.486
87   90.152   195.596
88   89.342   190.834
89   86.938   185.432
90   84.38   176.25
91   82.71   169.438
92   81.578   167.664
93   79.416   162.152
94   77.834   156.096
95   74.926   148.81
96   74.13   146.09
97   72.74   140.554
98   70.8   135.502
99   68.778   129.492
100   67.052   124.192
101   66.104   121.084
102   63.574   116.414
103   63.192   114.526
104   60.846   108.234
105   59.582   103.648
106   57.786   100.294
107   56.992   98.066
108   55.578   93.584
109   52.662   87.09
110   52.946   87.268
111   51.42   84.396
112   51.446   83.38
113   49.222   78.456
114   47.14   73.738
115   46.578   72.14
116   45.0479   70.2455
117   44.3707   67.5892
118   42.666   63.864
119   40.954   61.488
120   40.388   59.054
121   38.674   56.352
122   37.664   53.82
123   37.224   53.082
124   37.028   52.496
125   34.53   46.622
126   34.108   47.032
127   33.496   45.59
128   32.612   43.962
129   31.672   41.476
130   30.26   39.512
131   29.58   37.792
132   28.502   35.842
133   27.238   34.264
134   26.856   33.574
135   25.66   31.238
136   24.49   29.506
137   24.45   29.138
138   23.226   27.302
139   21.818   24.994
140   21.5   25.044
141   20.492   22.686
142   20.48   22.992
143   19.018   20.984
144   18.768   20.606
145   17.89   19.116
146   17.22   18.254
147   17.406   18.3
148   16.586   17.334
149   15.99   16.64
150   15.204   15.798
151   14.388   14.552
152   13.942   14.024
153   13.754   13.646
154   13.04   12.934
155   12.594   12.168
156   12.308   12.018
157   11.276   10.474
158   11.244   10.502
159   10.9   10.144
160   10.516   9.7
161   9.684   8.802
162   9.686   8.822
163   9.556   8.516
164   9.412   8.416
165   9.102   7.986
166   8.572   7.546
167   8.248   7.132
168   7.564   6.418
169   7.834   6.67
170   7.392   6.292
171   7.21   6
172   6.648   5.382
173   6.628   5.348
174   6.42   5.236
175   5.976   4.682
176   5.62   4.41
177   5.892   4.642
178   5.648   4.446
179   5.328   4.05
180   5.294   4.088
181   5.036   3.794
182   4.834   3.602
183   4.694   3.466
184   4.608   3.41
185   4.6   3.426
186   4.122   2.908
187   4.366   3.17
188   4.036   2.86
189   3.896   2.756
190   3.776   2.656
191   3.512   2.404
192   3.394   2.282
193   3.166   2.084
194   3.318   2.228
195   3.082   2.022
196   3.156   2.09
197   2.7   1.65
198   2.61   1.596
199   2.40481   1.39279
