0   407.892   2001.08
1   403.134   1939.81
2   398.202   1883.7
3   392.782   1852.01
4   387.524   1805.38
5   382.216   1758.28
6   376.974   1709.74
7   370.954   1669.82
8   364.76   1636.11
9   360.774   1592.09
10   354.962   1557.69
11   348.584   1517.42
12   343.91   1481.84
13   339.22   1453.13
14   334.12   1414.29
15   329.362   1386.8
16   324.348   1361.52
17   319.572   1325.34
18   315.174   1290.65
19   309.788   1262.18
20   305.35   1231.96
21   299.89   1203.04
22   296.26   1178.11
23   290.446   1145.64
24   285.76   1123.1
25   282.38   1101.04
26   276.924   1069.03
27   273.004   1048.9
28   268.448   1026.78
29   264.136   1002.66
30   260.08   974.928
31   255.836   951.2
32   251.612   931.05
33   247.954   910.552
34   244.428   890.474
35   240.626   869.378
36   236.278   851.02
37   232.148   830.076
38   229.764   809.888
39   225.472   798.154
40   221.136   772.37
41   217.114   751.186
42   214.268   739.216
43   211.364   715.966
44   208.084   701.338
45   203.816   685.184
46   200.364   668.298
47   197.38   649.498
48   193.716   633.988
49   191.886   619.648
50   187.168   605.888
51   183.82   587.286
52   181.034   575.03
53   177.926   555.824
54   174.752   541.926
55   171.242   528.182
56   169.266   511.928
57   166.49   499.396
58   162.69   489.456
59   160.496   475.22
60   156.824   463.02
61   154.332   453.384
62   151.478   436.508
63   149.49   428.986
64   145.678   416.912
65   143.858   401.428
66   141.398   394.044
67   139.09   380.512
68   135.412   369.408
69   133.342   360.38
70   130.644   352.006
71   128.824   345.148
72   125.084   332.258
73   123.286   319.41
74   121.274   310.834
75   118.79   306.042
76   117.392   293.508
77   114.702   289.184
78   112.844   278.116
79   109.982   272.118
80   108.14   259.334
81   105.748   256.986
82   104.912   252.768
83   101.82   241.526
84   100.824   234.814
85   97.312   224.82
86   96.262   218.954
87   94.778   217.636
88   92.274   206.99
89   90.466   200.63
90   88.104   194.628
91   85.98   189.028
92   84.38   181.652
93   83.392   177.538
94   81.246   169.158
95   78.324   165.138
96   77.65   160.282
97   75.444   153.394
98   74.036   147.066
99   73.076   145.122
100   69.892   136.202
101   68.324   131.594
102   67.394   129.404
103   65.914   124.252
104   64.216   120.214
105   62.83   117.034
106   61.188   110.378
107   59.224   107.15
108   57.608   102.42
109   56.426   98.722
110   55.692   97.186
111   54.218   93.284
112   52.246   88.826
113   50.512   83.208
114   49.414   80.79
115   48.558   79.592
116   46.83   75.904
117   45.342   72.914
118   44.56   70.684
119   43.46   67.348
120   41.882   64.108
121   40.7325   62.1417
122   39.7054   59.7194
123   39.354   58.018
124   37.658   55.082
125   36.442   52.256
126   35.584   50.45
127   34.75   48.698
128   33.412   46.53
129   32.83   45.082
130   31.828   42.908
131   30.062   40.126
132   30.242   39.97
133   28.894   37.5
134   27.562   35.424
135   26.904   33.428
136   26.142   32.97
137   25.554   32.132
138   24.554   30.254
139   23.876   29.25
140   23.518   28.256
141   22.212   26.162
142   21.304   25.156
143   21.006   24.032
144   20.46   23.098
145   19.686   22.206
146   18.714   20.762
147   18.786   20.762
148   17.724   19.778
149   16.014   16.874
150   16.2   17.126
151   15.632   16.472
152   14.396   14.734
153   14.14   14.488
154   13.586   13.634
155   13.38   13.258
156   12.704   12.65
157   12.72   12.726
158   12.094   11.798
159   11.884   11.568
160   11.558   10.976
161   10.562   9.696
162   10.036   9.368
163   10.032   9.198
164   9.504   8.762
165   9.274   8.494
166   8.792   7.844
167   8.298   7.376
168   8.588   7.604
169   7.622   6.54
170   8.138   6.994
171   7.418   6.218
172   7.054   5.94
173   6.916   5.75
174   6.938   5.784
175   6.67   5.472
176   5.794   4.656
177   5.858   4.636
178   5.98   4.806
179   5.494   4.264
180   5.31   4.118
181   4.976   3.818
182   4.808   3.65
183   4.672   3.466
184   4.84   3.688
185   4.47   3.298
186   4.008   2.846
187   4.086   2.918
188   3.848   2.746
189   3.808   2.66
190   3.5   2.406
191   3.558   2.432
192   3.472   2.374
193   3.274   2.164
194   3.088   2.038
195   3.02   1.96
196   2.882   1.828
197   2.842   1.804
198   2.728   1.708
199   2.41683   1.41283
