0   407.772   1989.01
1   402.66   1937.13
2   397.626   1890.37
3   392.65   1834.34
4   387.582   1790.66
5   380.622   1744.39
6   374.922   1701.16
7   370.172   1651.59
8   364.63   1616.83
9   358.116   1578.48
10   353.404   1537.78
11   347.592   1509.51
12   343.086   1473.94
13   336.69   1430.4
14   332.676   1394.95
15   326.93   1366.03
16   321.92   1331.5
17   315.686   1297.98
18   311.074   1272.11
19   305.878   1244.44
20   301.826   1216.14
21   297.778   1195.29
22   292.888   1163.33
23   288.436   1134.58
24   284.172   1106.94
25   278.758   1087.59
26   274.91   1055.01
27   271.436   1032.65
28   267.078   1006.5
29   262.002   986.29
30   258.008   960.002
31   254.588   938.99
32   250.852   916.62
33   246.744   901.89
34   241.738   880.088
35   237.516   854.762
36   234.752   836.778
37   230.688   811.362
38   226.258   795.126
39   222.722   771.124
40   219.632   753.024
41   214.764   737.114
42   212.228   715.222
43   208.296   703.274
44   205.134   686.058
45   202.606   668.862
46   198.188   646.23
47   194.108   633.586
48   191.83   619.442
49   188.112   602.41
50   184.88   584.814
51   181.614   571.436
52   178.904   556.194
53   175.556   541.036
54   171.878   525.162
55   169.676   512.736
56   166.172   501.818
57   163.872   487.53
58   160.654   473.832
59   157.84   463.608
60   155.264   451.514
61   152.418   436.274
62   149.966   425.916
63   145.758   414.104
64   144.162   401.938
65   142.284   392.952
66   138.064   377.016
67   136.42   371.568
68   133.028   360.684
69   131.248   349.724
70   127.996   339.434
71   126.316   330.65
72   122.894   318.56
73   121.69   314.128
74   118.882   301.846
75   117.016   296.854
76   114.798   282.664
77   112.746   277.956
78   110.614   269.432
79   108.106   260.568
80   105.704   253.844
81   104.368   246.574
82   101.098   235.796
83   99.864   231.352
84   97.504   225.018
85   95.396   215.71
86   92.1218   208.25
87   91.978   207.267
88   89.812   198.934
89   88.072   191.232
90   86.232   185.53
91   84.01   179.98
92   82.414   173.244
93   80.344   166.998
94   78.514   162.338
95   76.716   158.454
96   75.444   152.704
97   73.346   146.23
98   72.146   143.302
99   71.062   138.17
100   69.176   133.352
101   66.9   127.898
102   65.786   124.948
103   64.118   120.498
104   62.676   115.476
105   60.962   110.32
106   59.922   106.61
107   57.696   103.544
108   57.314   99.67
109   55.17   96.146
110   54.01   91.592
111   52.746   90.02
112   51.048   86.028
113   50.438   83.028
114   48.382   78.16
115   47.596   77.47
116   45.584   72.564
117   45.652   72.776
118   44.054   68.666
119   42.84   65.622
120   41.088   62.058
121   40.514   60.498
122   38.888   57.238
123   37.708   55.116
124   36.702   52.802
125   35.948   51.576
126   33.938   47.354
127   33.748   46.82
128   32.876   44.448
129   31.6   42.404
130   31.264   41.446
131   29.624   38.938
132   28.504   37.638
133   27.492   35.394
134   27.316   34.058
135   26.88   33.398
136   24.692   30.124
137   25.01   30.252
138   24.048   28.856
139   22.904   27.248
140   22.808   26.938
141   21.904   25.718
142   21.302   24.572
143   19.714   22.444
144   19.096   21.698
145   18.644   20.388
146   18.306   20.302
147   17.862   19.342
148   17.464   18.75
149   16.35   17.438
150   15.752   16.498
151   15.574   16.122
152   15.1557   15.5449
153   14.1764   14.497
154   14.052   14.282
155   13.078   13.204
156   12.906   12.766
157   12.63   12.296
158   11.952   11.774
159   11.594   10.988
160   11.336   10.92
161   10.412   9.68
162   10.438   9.63
163   9.716   8.856
164   9.878   8.958
165   8.764   7.906
166   8.576   7.51
167   8.436   7.604
168   8.388   7.346
169   7.912   6.888
170   7.44   6.24
171   7.114   5.952
172   6.876   5.676
173   6.93   5.682
174   6.702   5.468
175   6.012   4.784
176   5.874   4.616
177   6.012   4.814
178   5.586   4.298
179   5.626   4.404
180   5.322   4.112
181   5.252   4.04
182   4.912   3.738
183   4.518   3.306
184   4.732   3.492
185   4.306   3.124
186   4.088   2.976
187   4.118   2.926
188   4.154   3.034
189   3.934   2.802
190   3.838   2.716
191   3.51   2.414
192   3.45   2.328
193   3.404   2.294
194   3.194   2.108
195   3.09   2.022
196   2.962   1.918
197   2.832   1.772
198   2.622   1.596
199   2.43287   1.42485
