0   407.551   1974.18
1   402.588   1925.34
2   397.412   1878.91
3   392.772   1828.62
4   387.102   1789.17
5   381.386   1740.29
6   375.958   1700.37
7   370.754   1651.03
8   365.52   1616.41
9   360.144   1579.78
10   354.83   1539.4
11   349.536   1505.98
12   345.068   1475.04
13   340.08   1438.96
14   334.042   1407.12
15   328.858   1369.24
16   323.944   1332.65
17   318.026   1301.38
18   313.048   1268.7
19   308.028   1241.38
20   303.02   1213.04
21   298.754   1185.77
22   293.7   1159.17
23   289.364   1130.08
24   284.144   1103.08
25   280.296   1076.63
26   274.322   1051.95
27   271.26   1022.34
28   266.418   1006.48
29   262.178   984.376
30   258.422   958.582
31   255.026   932.67
32   249.508   911.148
33   247.168   895.666
34   242.224   869.934
35   238.988   845.494
36   234.652   829.204
37   231.428   813.112
38   227.286   787.812
39   224.056   775.734
40   218.544   753.898
41   215.992   732.768
42   212.214   718.99
43   208.968   697.82
44   205.636   688.588
45   202.304   667.018
46   199.518   648.092
47   196.52   632.404
48   193.046   618.442
49   189.118   602.252
50   185.392   588.388
51   182.248   572.7
52   179.718   558.63
53   175.256   545.964
54   174.722   529.678
55   169.7   513.27
56   167.522   499.202
57   164.7   488.236
58   161.678   478.766
59   159.07   462.718
60   155.716   452.654
61   152.83   442.322
62   150.512   427.424
63   148.236   419.562
64   145.972   409.966
65   142.706   396.934
66   140.258   387.444
67   137.372   373.256
68   135.416   366.77
69   131.844   353.352
70   130.666   344.506
71   126.666   330.17
72   125.734   325.472
73   122.294   311.878
74   119.9   305.424
75   117.386   297.674
76   115.568   289.88
77   113.378   281.044
78   111.086   272.1
79   109.034   262.548
80   106.508   253.388
81   104.684   246.936
82   102.96   240.76
83   100.514   233.692
84   98.544   227.286
85   97.364   219.7
86   95.214   213.998
87   92.924   207.178
88   90.864   198.222
89   88.636   191.234
90   86.738   186.606
91   85.142   182.594
92   82.358   170.906
93   82.02   169.498
94   79.71   164.516
95   77.19   156.872
96   76.136   151.524
97   73.528   146.666
98   71.79   141.306
99   69.874   135.724
100   69.624   133.054
101   68.004   127.742
102   65.222   121.766
103   65.422   121.316
104   63.48   116.268
105   61.796   111.964
106   60.536   109.014
107   58.218   103.15
108   56.758   98.448
109   55.164   94.534
110   54.968   93.816
111   52.584   88.194
112   51.806   86.15
113   49.858   80.958
114   48.758   78.304
115   48.006   77.248
116   45.588   72.018
117   44.522   69.464
118   43.25   66.302
119   42.138   63.382
120   40.612   61.052
121   39.48   58.65
122   38.576   56.338
123   37.6   54.62
124   36.62   51.684
125   36.138   51.778
126   34.522   47.418
127   33.276   45.996
128   32.59   44.206
129   31.166   41.358
130   30.376   40.272
131   29.57   39.026
132   28.722   36.742
133   27.778   35.318
134   26.736   33.66
135   26.08   32.04
136   25.358   31.372
137   24.378   29.636
138   23.812   28.758
139   23.138   27.326
140   22.014   25.818
141   21.018   24.308
142   20.886   23.396
143   19.822   22.098
144   19.106   20.926
145   18.44   19.862
146   18.098   19.702
147   17.06   18.368
148   16.908   17.938
149   15.838   16.794
150   15.676   16.352
151   15.474   16.178
152   14.798   15.22
153   13.928   14.076
154   13.636   13.614
155   12.686   12.4
156   12.552   12.278
157   12.042   11.62
158   11.666   11.166
159   11.534   11.092
160   10.632   9.844
161   10.51   9.814
162   10.012   9.238
163   9.72   8.78
164   9.608   8.72
165   9.016   8.034
166   8.54   7.514
167   8.208   7.104
168   8.346   7.282
169   8.108   6.988
170   7.408   6.19
171   7.656   6.476
172   6.68   5.526
173   6.822   5.61
174   6.354   5.178
175   5.968   4.746
176   6.058   4.948
177   5.822   4.594
178   5.516   4.288
179   5.516   4.376
180   5.306   4.126
181   5.088   3.854
182   4.994   3.822
183   4.802   3.598
184   4.566   3.364
185   4.458   3.318
186   4.346   3.234
187   4.012   2.852
188   4.088   2.918
189   3.89   2.784
190   3.648   2.544
191   3.498   2.34
192   3.602   2.482
193   3.204   2.146
194   3.074   2.016
195   3.026   1.954
196   3.004   1.938
197   2.834   1.786
198   2.646   1.626
199   2.53707   1.53908
