0   407.174   1967.1
1   402.248   1903.93
2   397.484   1859.05
3   392.216   1802.54
4   386.616   1755.12
5   381.186   1716.93
6   376.136   1676.88
7   370.346   1633.13
8   365.498   1590.08
9   359.776   1554.57
10   353.586   1510.67
11   348.358   1475.29
12   341.838   1444.45
13   337.352   1402.31
14   332.198   1372.67
15   326.562   1337.61
16   322.312   1309.2
17   316.22   1276.78
18   312.332   1248.41
19   307.976   1217.26
20   302.898   1188.97
21   297.99   1162.65
22   293.392   1139.22
23   289.774   1108.86
24   284.03   1084.86
25   279.854   1054.67
26   275.72   1037.55
27   271.09   1007.8
28   266.45   984.17
29   261.94   959.704
30   258.03   935.478
31   252.906   911.544
32   250.064   886.848
33   245.712   874.192
34   242.976   853.772
35   237.16   825.552
36   235.012   810.756
37   231.154   793.7
38   227.662   772.61
39   223.324   756.856
40   219.43   736.028
41   216.726   718.776
42   211.748   697.116
43   208.966   676.304
44   205.514   665.182
45   201.2   647.046
46   199.244   636.706
47   195.332   616.37
48   191.722   597.758
49   187.9   584.304
50   185.306   571.024
51   181.8   550.9
52   178.01   538.152
53   174.806   522.67
54   173.31   510.408
55   169.732   495.33
56   166.478   485.946
57   164.218   474.134
58   160.374   461.24
59   157.23   445.182
60   154.862   437.408
61   151.13   421.368
62   149.09   413.1
63   146.044   401.122
64   143.15   387.05
65   141.611   379.709
66   139.432   368.878
67   136.074   356.636
68   132.23   344.624
69   130.062   333.988
70   127.596   326.376
71   125.808   317.14
72   122.594   303.586
73   121.012   298.152
74   117.762   289.752
75   115.782   281.124
76   112.828   271.418
77   110.756   263.824
78   108.392   254.348
79   107.812   250.068
80   105.658   244.226
81   102.414   237.068
82   101.348   227.146
83   98.948   222.168
84   96.714   211.802
85   94.17   204.006
86   91.468   197.552
87   90.398   194.868
88   88.544   185.502
89   86.602   180.838
90   84.444   173.484
91   81.53   165.396
92   80.416   162.72
93   78.92   155.702
94   76.262   151.02
95   75.218   147.094
96   74.156   143.41
97   72.078   135.42
98   70.882   132.792
99   68.998   128.52
100   67.512   123.406
101   65.768   119.342
102   63.85   115.464
103   61.828   109.004
104   60.626   106.798
105   58.982   103.112
106   57.914   99.796
107   56.458   94.916
108   55.25   91.92
109   53.74   88.17
110   52.316   85.496
111   50.434   81.77
112   49.36   79.73
113   48.482   75.574
114   48.18   76.026
115   45.548   69.758
116   44.558   66.824
117   42.754   63.422
118   42.24   61.942
119   41.46   59.832
120   40.018   56.88
121   38.98   55.836
122   37.874   52.952
123   36.7   50.73
124   35.386   48.33
125   34.088   45.762
126   33.024   43.212
127   32.892   43.976
128   32.464   42.45
129   30.354   39.584
130   29.62   37.64
131   29.01   36.676
132   27.712   34.934
133   26.684   32.402
134   25.6188   31.0499
135   25.0701   29.986
136   24.352   28.886
137   23.818   27.532
138   23.12   26.754
139   22.562   25.596
140   20.37   22.81
141   20.998   23.42
142   19.884   22.186
143   19.426   20.858
144   18.812   19.844
145   17.634   18.906
146   17.238   18.17
147   16.462   17.102
148   16.228   16.676
149   15.318   15.45
150   15.128   15.334
151   13.922   13.77
152   13.86   13.666
153   13.95   13.834
154   13.028   12.748
155   12.242   11.708
156   12.104   11.29
157   11.37   10.646
158   11.578   10.904
159   10.552   9.626
160   10.424   9.598
161   10.092   9.044
162   9.592   8.612
163   9.148   8.2
164   8.89   7.81
165   8.94   7.834
166   8.444   7.32
167   7.888   6.846
168   7.916   6.768
169   7.302   6.18
170   7.462   6.21
171   7.272   6.054
172   6.754   5.458
173   6.616   5.408
174   6.212   5.032
175   5.88   4.634
176   5.632   4.384
177   5.59   4.306
178   5.346   4.126
179   5.31   4.068
180   5.154   3.97
181   4.974   3.75
182   4.792   3.548
183   4.608   3.384
184   4.472   3.274
185   4.362   3.228
186   4.226   3.062
187   4.012   2.848
188   4.082   2.906
189   3.772   2.63
190   3.558   2.434
191   3.456   2.354
192   3.448   2.304
193   3.276   2.196
194   3.26   2.182
195   3.09   2.018
196   2.792   1.754
197   2.826   1.79
198   2.664   1.636
199   2.44088   1.43487
