0   407.934   2005.57
1   403.628   1946.52
2   398.074   1903.97
3   392.832   1849.62
4   387.522   1811.83
5   381.466   1754.61
6   376.522   1717.33
7   370.924   1682.03
8   365.566   1641.47
9   359.28   1599.99
10   354.682   1559.51
11   349.568   1522.63
12   344.136   1493.16
13   339.444   1452.51
14   333.526   1417.78
15   329.196   1395.27
16   324.136   1361.62
17   319.958   1328.83
18   315.13   1297.7
19   310.72   1272.99
20   305.912   1236.54
21   300.654   1213.74
22   296.366   1180.35
23   291.25   1154.89
24   286.574   1129.11
25   281.876   1104.43
26   278.394   1077.42
27   273.786   1051.69
28   269.896   1028.4
29   264.652   1006.15
30   261.196   980.522
31   255.772   955.112
32   251.932   933.064
33   248.676   917.114
34   243.866   888.296
35   239.792   866.62
36   236.496   846.314
37   232.216   824.412
38   228.928   810.864
39   225.646   786.54
40   222.322   765.338
41   216.498   753.636
42   213.324   730.52
43   209.824   711.448
44   207.032   689.69
45   203.952   681.622
46   199.726   662.132
47   196.916   646.85
48   193.384   631.266
49   189.928   614.194
50   185.832   592.098
51   183.046   576.982
52   179.39   564.844
53   177.018   551.678
54   172.948   536.76
55   170.052   519.82
56   167.662   506.576
57   163.95   495.212
58   161.51   480.354
59   158.1   470.434
60   155.874   455.866
61   153.33   447.08
62   150.968   435.668
63   148.474   425.724
64   145.348   406.226
65   142.232   397.616
66   140.254   390.39
67   137.698   379.052
68   135.564   372.098
69   132.38   356.846
70   130.638   348.28
71   127.354   334.748
72   125.6   330.208
73   123.912   323.226
74   120.912   309.802
75   118.216   301.108
76   115.624   291.494
77   113   281.156
78   111.606   275.38
79   108.844   267.754
80   106.824   258.37
81   106.168   252.798
82   101.64   241.446
83   100.652   233.44
84   98.238   228.758
85   96.394   219.364
86   93.392   213.668
87   92.488   209.33
88   90.716   201.51
89   87.962   194.582
90   85.482   184.454
91   84.42   180.538
92   82.104   172.228
93   80.724   170.274
94   78.938   164.646
95   77.758   160.256
96   75.974   153.112
97   73.34   147.142
98   72.666   143.818
99   70.136   136.73
100   68.76   133.394
101   67.766   129.802
102   65.714   125.134
103   64.276   121.614
104   62.152   112.93
105   59.976   107.9
106   59.24   104.862
107   58.738   104.112
108   56.846   100.116
109   55.058   95.554
110   53.022   90.894
111   52.914   89.41
112   50.584   84.492
113   49.87   81.74
114   47.908   78.328
115   47.378   77.004
116   44.84   71.502
117   44.688   71.474
118   42.974   66.962
119   41.694   65.39
120   41.66   63.222
121   39.92   59.97
122   38.794   57.452
123   37.672   54.704
124   36.552   52.428
125   35.614   51.208
126   34.638   49.314
127   33.654   47.112
128   31.856   43.874
129   31.668   42.75
130   30.04   39.664
131   29.604   39.128
132   28.64   36.964
133   28.604   36.528
134   26.996   34.246
135   26.488   33.016
136   25.248   31.708
137   24.512   29.796
138   23.844   28.532
139   22.75   27.178
140   21.814   25.372
141   21.304   24.476
142   20.304   23.202
143   20.634   23.76
144   19.204   21.486
145   18.432   20.246
146   17.348   18.932
147   17.46   18.934
148   16.738   17.744
149   15.77   16.532
150   15.986   16.846
151   14.814   15.296
152   14.542   14.858
153   13.924   14.144
154   13.86   13.974
155   12.922   12.742
156   12.632   12.294
157   11.496   11.066
158   11.202   10.678
159   11.006   10.208
160   10.75   9.962
161   10.484   9.762
162   9.716   8.802
163   9.404   8.492
164   9.288   8.474
165   9.14   8.168
166   8.626   7.632
167   8.092   6.994
168   7.848   6.586
169   7.69   6.516
170   7.696   6.434
171   7.028   5.776
172   7.06   5.932
173   6.698   5.568
174   6.836   5.676
175   6.09   4.748
176   5.88   4.726
177   6.178   4.962
178   5.492   4.276
179   5.464   4.32
180   5.35   4.16
181   5.162   3.964
182   5.074   3.842
183   4.826   3.642
184   4.882   3.596
185   4.554   3.342
186   4.172   3.028
187   4.034   2.878
188   3.908   2.772
189   3.676   2.542
190   3.768   2.582
191   3.468   2.376
192   3.484   2.39
193   3.232   2.164
194   3.214   2.134
195   3.048   1.982
196   2.944   1.914
197   2.786   1.742
198   2.608   1.578
199   2.49098   1.47695
