0   407.052   1958.16
1   402.056   1905.73
2   397.546   1857.43
3   392.064   1808.99
4   386.8   1755.26
5   380.728   1715.72
6   375.258   1672.42
7   370.126   1627.5
8   365.37   1591.43
9   359.496   1548.84
10   354.206   1516.71
11   348.53   1476.17
12   343.636   1444.27
13   339.276   1410.12
14   333.482   1377.52
15   328.318   1344.86
16   322.51   1316.46
17   317.19   1285.56
18   312.432   1255.52
19   307.822   1225.74
20   303.326   1197.1
21   299.356   1165.05
22   292.842   1139.54
23   289.742   1105.97
24   284.91   1086.84
25   279.678   1056.16
26   275.386   1027.99
27   271.488   1004.11
28   266.078   983.338
29   262.446   953.188
30   259.422   938.5
31   252.706   913.282
32   249.658   890.782
33   245.724   867.064
34   241.454   845.484
35   238.292   830.892
36   234.032   807.198
37   229.826   785.584
38   226.69   772.078
39   223.482   749.934
40   219.928   733.606
41   216.876   713.014
42   211.6   697.03
43   209.024   677.862
44   205.994   661.71
45   201.454   647.566
46   197.378   629.76
47   195.128   614.016
48   190.234   597.472
49   187.014   579.612
50   185.342   567.624
51   181.554   552.128
52   178.694   542.186
53   174.938   521.742
54   172.52   511.368
55   169.504   495.61
56   166.726   484.04
57   162.73   471.99
58   159.52   451.198
59   157.416   447.5
60   153.674   434.422
61   152.282   420.748
62   149.484   410.784
63   145.696   398.616
64   142.82   388.924
65   141.006   381.946
66   138.884   367.346
67   135.642   359.054
68   133.714   344.964
69   130.338   335.872
70   127.568   322.89
71   124.924   313.472
72   121.78   305.308
73   120.896   296.076
74   118.314   289.218
75   115.154   280.466
76   113.66   273.664
77   112.046   265.958
78   109.14   258.132
79   107.082   249.366
80   105.06   240.182
81   102.442   232.41
82   100.216   223.426
83   98.674   218.82
84   95.462   207.798
85   94.62   206.26
86   91.958   199.24
87   90.292   192.02
88   88.128   185.456
89   86.824   182.848
90   84.176   172.966
91   82.408   168.896
92   81.746   165.32
93   78.412   157.996
94   76.842   151.8
95   74.59   144.504
96   73.532   141.264
97   71.378   135.354
98   69.954   130.37
99   68.946   128.116
100   67.692   124.926
101   66.016   120.576
102   63.38   112.244
103   62.768   111.888
104   61.486   108.634
105   59.132   102.962
106   58.232   99.724
107   56.6   95.694
108   54.692   89.89
109   53.974   89.222
110   52.762   86.472
111   51.214   82.852
112   49.418   78.002
113   48.17   75.328
114   47.016   72.918
115   45.674   70.068
116   44.948   67.556
117   43.414   64.988
118   41.618   61.402
119   40.7864   60.0399
120   39.6353   56.8076
121   38.392   54.292
122   37.918   52.612
123   36.056   49.692
124   35.836   48.888
125   34.026   45.49
126   32.576   42.924
127   31.236   40.978
128   30.958   39.996
129   30.564   38.846
130   29.862   38.93
131   28.67   35.896
132   27.492   33.906
133   26.42   31.924
134   25.938   31.432
135   25.148   29.53
136   23.788   27.732
137   23.292   26.662
138   22.206   25.154
139   21.508   24.396
140   21.082   23.798
141   20.786   23.054
142   19.172   20.912
143   18.586   20.31
144   17.94   19.05
145   17.618   18.544
146   17.928   18.658
147   16.08   16.716
148   16.122   16.516
149   15.304   15.808
150   14.582   14.626
151   14.756   14.86
152   14.262   14.248
153   13   12.848
154   12.706   12.158
155   12.322   11.808
156   11.992   11.33
157   11.298   10.534
158   10.994   10.11
159   10.732   9.838
160   10.502   9.602
161   9.838   8.848
162   9.314   8.3
163   9.224   8.202
164   8.884   7.782
165   8.566   7.498
166   8.392   7.15
167   7.884   6.696
168   7.944   6.782
169   7.574   6.398
170   7.682   6.416
171   6.87   5.702
172   6.444   5.214
173   6.812   5.616
174   6.622   5.322
175   5.874   4.622
176   5.686   4.464
177   5.736   4.488
178   5.39   4.096
179   5.16   3.898
180   5.168   3.91
181   5.024   3.78
182   4.924   3.662
183   4.482   3.27
184   4.522   3.322
185   4.34   3.148
186   4.154   3.008
187   4.15   3.018
188   3.944   2.77
189   3.866   2.71
190   3.88   2.734
191   3.676   2.566
192   3.412   2.314
193   3.194   2.11
194   3.08   2.026
195   2.982   1.928
196   2.936   1.884
197   2.82   1.784
198   2.704   1.68
199   2.57315   1.56914
