0   406.966   1959.09
1   401.726   1903.89
2   396.44   1850.75
3   391.612   1805.88
4   386.886   1762.29
5   380.51   1716.78
6   375.18   1675.6
7   369.818   1634.48
8   364.042   1589.78
9   358.784   1553.03
10   353.696   1518.44
11   347.884   1476.88
12   343.646   1448.03
13   337.762   1415.43
14   331.926   1376.9
15   326.566   1346.24
16   322.14   1307.21
17   318.664   1283.6
18   312.184   1251.5
19   308.088   1223.36
20   302.954   1195.11
21   297.28   1168.39
22   293.646   1142.53
23   288.788   1118.07
24   283.768   1088.75
25   279.482   1059.61
26   274.42   1035.08
27   271.44   1005.69
28   266.056   988.162
29   262.286   963.622
30   257.724   938.722
31   254.028   914.868
32   250.144   886.968
33   245.578   872.952
34   241.612   845.566
35   237.528   825.082
36   233.396   807.942
37   229.286   786.152
38   226.464   772.192
39   222.07   749.886
40   218.482   731.052
41   213.982   711.456
42   211.754   698.448
43   207.512   680.58
44   204.934   663.54
45   201.586   642.504
46   196.72   628.11
47   192.77   609.988
48   190.222   597.674
49   187.692   581.498
50   184.528   567.218
51   181.616   550.894
52   178.46   541.126
53   175.294   526.032
54   171.276   509.888
55   168.866   496.96
56   165.384   480.524
57   163.452   468.434
58   159.478   457.552
59   156.37   443.542
60   153.304   433.304
61   150.772   418.102
62   148.102   406.746
63   145.536   395.104
64   143.85   387.856
65   140.326   377.042
66   138.156   364.874
67   135.214   354.456
68   132.416   340.674
69   130.268   332.23
70   126.562   323.886
71   125.386   316.198
72   122.178   305.442
73   120.592   298.002
74   116.832   288.334
75   115.462   281.2
76   112.796   268.584
77   110.77   264.782
78   107.914   251.856
79   106.834   247.606
80   103.178   234.948
81   102.2   232.24
82   100.182   226.908
83   98.202   219.262
84   95.876   211.636
85   93.438   203.048
86   91.954   198.954
87   89.71   191.906
88   87.888   184.512
89   87.604   180.932
90   84.258   175.222
91   82.028   167.05
92   80.054   162.982
93   79.268   157.5
94   76.242   149.44
95   74.086   145.548
96   72.528   137.76
97   71.87   137.972
98   69.616   132.266
99   69.806   129.406
100   66.952   123.372
101   66.038   119.442
102   63.676   114.158
103   62.144   109.378
104   60.872   106.69
105   59.47   102.46
106   57.9   99.112
107   55.55   94.01
108   55.216   92.946
109   53.818   87.934
110   52.41   84.92
111   50.256   80.564
112   49.598   79.236
113   48.77   75.832
114   46.078   72.09
115   45.086   69.434
116   44.086   65.512
117   43.376   63.83
118   41.65   61.268
119   40.976   58.952
120   39.968   57.802
121   38.026   54.384
122   38.35   54.776
123   36.704   51.18
124   35.52   49.314
125   33.412   45.344
126   33.944   45.112
127   32.444   41.906
128   31.4   40.532
129   29.798   38.382
130   29.714   38.31
131   28.936   36.46
132   27.936   34.732
133   26.672   33.124
134   25.198   30.308
135   24.708   29.19
136   24.442   28.7
137   23.674   27.486
138   23.122   26.556
139   22.254   25.464
140   20.948   23.412
141   20.704   22.9
142   18.986   21.062
143   20.144   22.266
144   17.956   19.456
145   18.268   19.546
146   17.296   18.458
147   16.6028   17.4012
148   15.98   16.1463
149   15.548   15.822
150   15.4   15.626
151   14.138   14.114
152   13.784   13.462
153   13.636   13.578
154   12.778   12.248
155   12.696   12.332
156   11.728   11.032
157   11.812   11.04
158   10.878   10.15
159   10.972   10.276
160   10.714   9.944
161   9.778   8.84
162   9.418   8.394
163   9.736   8.71
164   9.148   8.1
165   8.372   7.288
166   8.16   6.978
167   8.008   6.884
168   7.848   6.674
169   7.714   6.516
170   6.772   5.556
171   6.736   5.642
172   6.772   5.464
173   6.4   5.164
174   6.204   4.984
175   6.286   5.046
176   5.838   4.574
177   5.38   4.13
178   5.286   4.024
179   5.282   3.984
180   5.114   3.828
181   5.086   3.842
182   4.738   3.616
183   4.788   3.59
184   4.556   3.364
185   4.394   3.244
186   4.25   3.08
187   3.99   2.822
188   3.904   2.74
189   3.746   2.576
190   3.698   2.536
191   3.618   2.488
192   3.348   2.248
193   3.234   2.152
194   3.152   2.076
195   2.978   1.912
196   2.936   1.878
197   2.722   1.694
198   2.688   1.656
199   2.46092   1.45491
