0   408.11   1992.44
1   403.172   1927.5
2   397.838   1881.1
3   392.19   1842.83
4   387.378   1790.45
5   381.908   1748.95
6   377.29   1709.21
7   371.6   1663.18
8   365.064   1627.56
9   359.558   1586.2
10   354.69   1555.57
11   349.372   1515.87
12   344.376   1480.91
13   340.092   1449.54
14   333.682   1412.15
15   330.092   1380.75
16   324.912   1349.48
17   318.86   1317.34
18   314.15   1288.4
19   309.216   1257.1
20   304.072   1226.49
21   299.102   1199.14
22   294.598   1172.89
23   290.772   1144.28
24   285.748   1116.23
25   281.694   1090.46
26   276.862   1070.66
27   272.67   1045.95
28   268.312   1017.14
29   263.392   990.394
30   260.018   963.412
31   257.27   951.77
32   252.288   924.92
33   248.42   904.774
34   244.628   880.672
35   239.95   863.018
36   236.386   845.668
37   233.444   828.29
38   229.414   806.938
39   225.682   787.276
40   222.684   767.648
41   217.846   754.466
42   214.068   731.33
43   210   710.58
44   207.936   699.968
45   203.958   674.574
46   200.178   658.418
47   197.344   647.992
48   193.514   630.096
49   190.3   610.894
50   187.286   594.526
51   183.648   583.946
52   180.98   569.766
53   177.902   553.722
54   175.852   543.654
55   171.852   525.904
56   168.414   508.296
57   165.994   497.432
58   162.142   485.538
59   159.54   470.698
60   157.612   459.614
61   154.214   448.86
62   151.372   432.27
63   149.164   421.53
64   147.356   416.614
65   144.076   401.25
66   140.272   390.722
67   137.776   377.226
68   134.862   366.576
69   132.23   355.676
70   130.4   348.866
71   127.996   339.308
72   124.572   324.564
73   123.692   318.99
74   120.634   309.072
75   118.688   300.304
76   116.412   291.434
77   113.9   281.938
78   112.13   275.656
79   108.612   264.44
80   106.736   257.612
81   104.72   251.154
82   102.28   243.796
83   100.69   231.832
84   98.134   226.014
85   96.998   221.682
86   94.922   213.386
87   91.676   205.846
88   91.12   202.128
89   88.844   192.724
90   87.486   187.044
91   83.79   181.6
92   82.05   172.888
93   80.532   168.036
94   79.69   165.51
95   78.164   158.87
96   76.758   158.108
97   74.634   149.25
98   72.842   144.236
99   70.624   136.434
100   68.878   133.572
101   67.794   128.83
102   65.788   124.15
103   64.402   121.052
104   61.646   114.28
105   61.63   112.252
106   59.892   106.24
107   58.654   104.726
108   57.384   100.578
109   55.686   96.222
110   54.206   92.766
111   52.586   88.472
112   52.382   86.522
113   50.412   82.28
114   48.58   78.33
115   47.27   76.246
116   46.498   74.75
117   44.812   70.152
118   44.22   68.122
119   42.808   65.55
120   42.146   63.352
121   40.126   59.31
122   39.852   58.708
123   38.642   55.732
124   36.782   52.634
125   35.45   50
126   35.058   49.742
127   33.446   46.2
128   32.464   44
129   31.946   43.018
130   31.868   42.798
131   30.46   40.036
132   30.048   39.736
133   28.624   36.71
134   27.328   34.412
135   26.928   34.134
136   26.096   32.74
137   24.282   29.73
138   24.124   29.012
139   22.762   27.268
140   22.994   26.524
141   21.35   25.088
142   20.404   23.276
143   20.58   23.314
144   19.448   21.708
145   18.974   21.184
146   18.63   20.742
147   17.664   19.33
148   17.396   18.62
149   16.616   17.748
150   15.062   15.538
151   15.066   15.522
152   14.654   14.98
153   14.576   14.83
154   13.498   13.39
155   13.664   13.814
156   13.026   13.02
157   11.6806   11.1038
158   11.5531   10.8878
159   11.38   10.636
160   11.014   10.4
161   10.126   9.242
162   10.544   9.84
163   9.608   8.726
164   9.394   8.456
165   9.084   8.046
166   8.466   7.572
167   8.836   7.902
168   7.61   6.508
169   8.056   7.072
170   7.418   6.292
171   6.998   5.852
172   7.068   5.92
173   6.716   5.506
174   6.61   5.456
175   6.226   5.106
176   6.166   4.992
177   5.866   4.65
178   5.586   4.356
179   5.532   4.372
180   5.392   4.222
181   5.208   3.966
182   4.874   3.716
183   4.76   3.548
184   4.698   3.514
185   4.604   3.396
186   4.412   3.232
187   4.076   2.934
188   3.946   2.81
189   3.824   2.694
190   3.752   2.612
191   3.78   2.644
192   3.374   2.266
193   3.486   2.402
194   3.29   2.206
195   3.016   1.954
196   2.836   1.79
197   2.706   1.684
198   2.67   1.646
199   2.39679   1.39479
