0   407.253   1945.47
1   402.592   1896.09
2   397.342   1850.12
3   391.734   1806.83
4   386.954   1753.52
5   381.102   1716.56
6   376.086   1675.76
7   370.16   1626.95
8   365.29   1590.44
9   359.784   1549.71
10   353.644   1512.65
11   349.158   1480.64
12   343.533   1444
13   338.94   1411.13
14   333.06   1377.09
15   328.122   1340.35
16   323.12   1313.52
17   317.472   1281.26
18   312.384   1247.78
19   307.688   1214.8
20   303.43   1187.34
21   298.756   1157.06
22   294.268   1134.43
23   289.672   1108.52
24   284.874   1079.95
25   280.72   1060.2
26   276.232   1029.74
27   271.112   1006.28
28   266.85   983.534
29   262.046   961.842
30   258.212   931.712
31   253.914   907.352
32   249.538   886.918
33   245.758   867.494
34   241.01   846.062
35   237.146   823.808
36   233.84   807.312
37   229.19   777.972
38   225.05   760.314
39   221.826   746.668
40   218.578   728.694
41   215.082   706.498
42   211.098   692.552
43   207.538   677.318
44   203.412   655.342
45   200.678   641.232
46   196.792   623.702
47   193.69   610.382
48   190.27   589.056
49   187.234   579.176
50   184.168   566.948
51   180.098   545.73
52   178.132   537.696
53   174.586   524.25
54   172.582   507.72
55   169.348   498.016
56   166.5   481.98
57   162.798   468.038
58   159.844   454.754
59   157.888   446.816
60   154.266   434.472
61   152.334   422.718
62   148.394   404.87
63   146.518   398.238
64   144.41   389.192
65   140.082   375.92
66   137.822   367.372
67   135.26   353.914
68   132.744   345.838
69   130.714   336.766
70   127.256   324.1
71   126.16   317.556
72   123.31   306.394
73   120.394   294.862
74   117.816   287.658
75   117.158   285.004
76   114.348   272.82
77   111.004   261.474
78   108.012   249.182
79   106.364   245.846
80   104.028   236.28
81   101.95   231.326
82   100.594   224.992
83   97.582   216.314
84   95.776   211.868
85   93.068   199.522
86   92.77   197.616
87   89.384   190.06
88   87.284   181.918
89   85.272   176.264
90   84.006   171.05
91   82.068   166.726
92   79.55   157.866
93   77.508   154.176
94   76.694   150.434
95   73.37   141.676
96   72.05   138.186
97   70.802   133.466
98   69.748   131.428
99   67.224   124.038
100   66.364   120.986
101   64.282   114.8
102   62.638   112.212
103   61.056   106.928
104   60.584   103.872
105   59.458   102.524
106   57.496   97.628
107   57.518   97.712
108   53.922   88.948
109   53.286   87.506
110   51.434   81.634
111   50.118   80.42
112   49.3134   77.0379
113   46.994   72.5371
114   46.402   70.728
115   44.95   68.218
116   43.214   63.974
117   43.234   64.042
118   41.862   60.87
119   40.384   57.954
120   39.46   56.622
121   37.828   52.716
122   36.81   51.002
123   36.582   50.85
124   35.106   47.16
125   33.942   44.908
126   33.274   44.174
127   31.51   40.678
128   30.738   40.034
129   29.96   38.412
130   29.316   36.638
131   27.864   34.438
132   26.84   32.78
133   25.962   31.7
134   25.056   29.816
135   23.998   27.814
136   23.144   27.54
137   23.086   26.31
138   22.28   25.754
139   21.094   23.694
140   20.934   23.374
141   20.58   22.912
142   19.216   20.886
143   18.906   20.79
144   19.04   20.322
145   17.204   18.278
146   17.082   17.84
147   16.356   16.988
148   15.772   16.112
149   14.922   15.104
150   15.06   15.224
151   13.842   13.63
152   13.274   12.726
153   13.286   12.914
154   12.88   12.35
155   11.842   11.162
156   11.896   11.202
157   11.724   10.884
158   10.886   10.036
159   9.912   8.988
160   10.008   9.022
161   9.54   8.512
162   9.74   8.792
163   8.992   7.82
164   8.992   7.872
165   8.556   7.366
166   8.224   7.028
167   7.548   6.342
168   8.058   6.922
169   7.604   6.34
170   7.256   6.026
171   6.61   5.294
172   6.366   5.09
173   6.086   4.806
174   6.286   5.05
175   5.694   4.434
176   5.76   4.552
177   5.794   4.538
178   5.32   4.054
179   5.254   3.968
180   5.066   3.856
181   5.272   4.078
182   4.612   3.36
183   4.654   3.452
184   4.754   3.542
185   4.55   3.31
186   4.172   2.998
187   4.068   2.894
188   3.828   2.686
189   3.786   2.672
190   3.704   2.584
191   3.736   2.604
192   3.348   2.212
193   3.296   2.232
194   3.256   2.198
195   3.068   2
196   2.88   1.842
197   2.904   1.866
198   2.64   1.63
199   2.48697   1.48096
