0  5   1.87086  190.132  17.6512  0.134069  0.158284  0.151024  0.177833
5  10   3.42631  164.101  16.0507  0.163644  0.178373  0.183377  0.200397
10  20   4.84585  131.014  13.9585  0.214338  0.211111  0.238887  0.237141
20  30   6.28546  94.2209  11.5025  0.288534  0.258014  0.317886  0.288863
30  40   7.44614  65.41  9.35192  0.36448  0.307862  0.39738  0.342572
40  50   8.44727  43.4946  7.46668  0.442275  0.362107  0.478923  0.400307
50  60   9.33756  27.4469  5.70142  0.525787  0.410026  0.564657  0.450492
60  100   11.4835  8.51924  1.94722  0.736728  0.372718  0.776117  0.463394
0  10   2.64871  177.114  16.8508  0.148859  0.16833  0.167984  0.189453

centMin centMax <b> <Npart>  <S>     <e2>       <e3>      <e2{2}>   <e3{2}>


