0   407.83   1963.44
1   403.262   1921.46
2   398.286   1873.15
3   393.048   1827.9
4   387.578   1780.56
5   382.752   1732.25
6   377.02   1693.56
7   370.65   1650.46
8   365.816   1608.21
9   360.458   1564.74
10   354.958   1531.84
11   349.308   1504.17
12   344.482   1458.14
13   338.96   1424.51
14   332.996   1400.15
15   328.288   1358.15
16   322.72   1328.31
17   316.848   1296.56
18   310.62   1264.31
19   307.15   1230.99
20   301.606   1203.15
21   297.216   1164.01
22   292.414   1143.33
23   288.156   1119.21
24   283.388   1091.9
25   278.994   1068.69
26   274.552   1040.44
27   269.726   1010.9
28   264.842   994.878
29   261.136   966.418
30   257.314   950.444
31   252.75   924.112
32   248.644   904.974
33   246.13   881.938
34   241.882   860.426
35   237.948   838.984
36   233.852   827.402
37   230.346   802.324
38   226.454   782.484
39   222.72   762.436
40   218.878   745.078
41   215.518   725.624
42   212.75   712.238
43   208.516   693.47
44   204.31   676.31
45   201.742   663.712
46   199.114   643.27
47   195.746   627.934
48   192.07   613.804
49   188.85   600.636
50   186.19   585.186
51   182.478   566.768
52   179.756   554.09
53   175.21   537.032
54   172.77   523.892
55   169.386   511.69
56   166.444   498.356
57   164.274   486.468
58   161.274   475.054
59   158.876   463.06
60   155.46   446.278
61   153.362   437.252
62   150.574   425.144
63   148.268   415.04
64   145.488   404.688
65   142.664   390.69
66   138.814   377.294
67   137.062   370.116
68   134.846   362.348
69   130.852   348.876
70   128.956   338.812
71   127.064   328.266
72   123.84   318.336
73   121.392   310.446
74   118.304   298.98
75   117.822   296.254
76   114.222   282.812
77   114.552   280.614
78   111.116   269.078
79   109.004   261.96
80   105.894   253.684
81   104.532   244.01
82   102.354   239.862
83   100.134   230.632
84   97.776   222.776
85   96.288   215.004
86   94.32   211.712
87   91.98   203.734
88   89.992   198.002
89   88.11   191.63
90   86.372   183.71
91   83.792   175.742
92   81.328   171.928
93   80.842   167.684
94   78.964   159.25
95   76.916   154.688
96   74.924   151.136
97   74.082   146.808
98   71.892   139.812
99   69.946   133.502
100   68.764   131.026
101   66.672   124.474
102   65.746   122.136
103   63.66   116.654
104   62.794   114.744
105   61.38   109.986
106   59.368   104.002
107   57.914   103.024
108   55.796   97.488
109   55.376   94.84
110   54.504   92.682
111   52.93   88.534
112   51.56   85.472
113   49.884   81.566
114   49.072   80
115   47.598   77.194
116   45.68   71.192
117   45.126   70.994
118   42.584   66.156
119   42.254   64.148
120   40.976   61.966
121   39.03   57.8
122   38.736   55.896
123   37.592   53.568
124   36.964   52.63
125   36.03   50.386
126   34.208   47.636
127   33.496   46.126
128   32.358   43.382
129   32.374   43.456
130   30.636   41.066
131   29.712   38.756
132   29.112   37.504
133   28.652   36.734
134   26.912   33.814
135   26.4   32.448
136   25.586   31.61
137   25.628   30.7
138   24.78   30.064
139   22.828   26.772
140   22.56   26.466
141   21.69   25.156
142   21.018   23.888
143   20.204   22.914
144   19.376   21.838
145   18.972   20.996
146   18.358   20.026
147   17.786   19.438
148   16.86   18.13
149   16.7   17.334
150   15.422   16.2
151   15.152   15.522
152   14.582   14.756
153   13.676   13.812
154   13.328   13.31
155   13.244   13.194
156   12.416   12.104
157   11.97   11.502
158   11.48   10.948
159   11.524   10.788
160   11.01   10.252
161   10.548   9.816
162   10.394   9.586
163   9.598   8.762
164   9.318   8.414
165   8.91   7.854
166   9.1   8.088
167   8.024   6.972
168   7.594   6.516
169   8.03   6.724
170   7.496   6.334
171   7.342   6.038
172   7.176   6.086
173   6.916   5.646
174   6.334   5.096
175   6.24   5.08
176   5.91   4.668
177   5.748   4.474
178   5.574   4.36
179   5.396   4.202
180   4.984   3.726
181   4.958   3.72
182   4.99   3.768
183   4.56   3.36
184   4.598   3.402
185   4.558   3.368
186   4.062   2.932
187   4.122   3
188   3.99   2.862
189   3.812   2.678
190   3.798   2.694
191   3.57   2.476
192   3.124   2.022
193   3.494   2.418
194   3.124   2.042
195   3.014   1.952
196   2.962   1.904
197   2.782   1.748
198   2.598   1.582
199   2.42084   1.42285
