0   406.782   1947.44
1   402.038   1899.98
2   397.732   1852.38
3   393.098   1802.99
4   387.336   1761.88
5   381.644   1720.62
6   376.702   1677.07
7   370.904   1639.33
8   364.388   1593.04
9   359.972   1551.73
10   353.654   1510.45
11   348.444   1482.55
12   343.21   1444.66
13   337.688   1407.78
14   332.68   1377.3
15   328.232   1343.46
16   322.626   1311.93
17   317.684   1281.84
18   312.202   1254.17
19   308.59   1226.15
20   302.85   1196.69
21   298.788   1167.03
22   294.502   1139.01
23   290.354   1115.42
24   285.438   1090.92
25   280.242   1062.67
26   276.424   1040.33
27   272.124   1012.68
28   266.954   992.694
29   263.242   965.538
30   259.784   946.17
31   254.118   920.784
32   250.306   898.458
33   247.088   875.504
34   242.718   857.668
35   238.092   833.572
36   235.296   815.532
37   230.958   797.73
38   227.192   774.788
39   222.686   754.384
40   219.282   735.618
41   216.228   719.79
42   212.168   704.502
43   209.87   684.642
44   205.468   672.016
45   202.856   651.344
46   199.63   636.264
47   195.138   616.908
48   192.334   604.756
49   189.69   589.212
50   186.4   571.74
51   182.158   560.772
52   179.914   543.472
53   176.388   529.024
54   174.424   516.022
55   170.786   505.508
56   168.352   492.494
57   164.934   478.288
58   161.62   465.06
59   158.23   449.604
60   155.958   436.64
61   153.532   426.48
62   149.694   413.218
63   147.05   404.776
64   144.824   395.752
65   141.022   377.928
66   139.48   371.444
67   135.744   356.128
68   134.744   352.868
69   131.188   337.968
70   128.008   327.95
71   127.22   320.866
72   122.87   305.822
73   120.816   301.714
74   118.236   292.834
75   117.452   285.946
76   114.652   274.282
77   112.134   265.686
78   110.608   261.348
79   106.976   249.514
80   105.562   243.562
81   102.788   233.562
82   100.874   228.596
83   99.358   221.118
84   97.354   216.418
85   95.024   208.956
86   92.898   198.52
87   91.264   195.922
88   89.88   190.012
89   87.734   184.472
90   84.722   177.066
91   83.394   170.128
92   81.71   166.78
93   79.462   160.046
94   78.87   156.47
95   76.474   148.624
96   74.834   145.932
97   72.256   139.644
98   70.986   133.112
99   69.258   129.76
100   67.684   125.632
101   66.666   123.178
102   64.332   114.634
103   62.884   112.722
104   62.156   109.958
105   60.002   103.764
106   59.146   102.944
107   57.742   97.502
108   56.106   94.816
109   54.02   90.088
110   52.25   86.144
111   51.462   83.966
112   50.592   80.942
113   48.156   76.19
114   47.7066   74.0299
115   45.5772   70.3928
116   45.76   70.406
117   44.256   66.782
118   42.384   62.04
119   41.794   60.572
120   39.794   57.636
121   39.768   57.052
122   38.952   56.216
123   36.784   51.748
124   36.524   50.744
125   34.446   46.496
126   34.008   46.312
127   33.128   44.086
128   32.036   42.35
129   31   40.166
130   29.67   37.938
131   29.176   37.344
132   28.272   35.256
133   27.204   33.3
134   26.692   33.15
135   25.274   30.252
136   24.93   29.614
137   24.49   29.46
138   23.044   26.918
139   22.442   25.45
140   22.332   25.47
141   21.138   23.76
142   20.868   23.426
143   19.548   20.992
144   18.756   20.356
145   18.43   19.442
146   17.77   19.218
147   16.304   17.148
148   16.278   16.868
149   15.5   15.912
150   15.032   15.148
151   14.894   14.864
152   14.128   13.87
153   13.944   13.414
154   13.444   13.23
155   12.56   12.132
156   12.548   11.92
157   11.34   10.492
158   11.426   10.7
159   10.934   9.944
160   10.966   10.136
161   10.45   9.544
162   9.926   8.94
163   9.116   8.104
164   9.22   8.136
165   8.352   7.314
166   8.714   7.71
167   8.192   6.982
168   7.792   6.66
169   7.534   6.31
170   7.498   6.26
171   6.866   5.544
172   6.922   5.684
173   6.546   5.38
174   6.278   4.986
175   5.974   4.756
176   5.916   4.638
177   5.778   4.472
178   5.466   4.262
179   5.366   4.104
180   5.22   3.946
181   5.036   3.742
182   5.072   3.832
183   4.748   3.494
184   4.508   3.332
185   4.544   3.348
186   4.34   3.184
187   4.188   3.08
188   3.934   2.772
189   3.878   2.694
190   3.688   2.562
191   3.396   2.304
192   3.524   2.406
193   3.392   2.33
194   3.04   1.988
195   3.142   2.076
196   3.084   2.018
197   2.852   1.814
198   2.602   1.588
199   2.52705   1.51503
