0   407.327   1951.11
1   402.444   1903.11
2   397.138   1844.97
3   392.05   1801.21
4   386.152   1767.85
5   381.906   1718.01
6   376.428   1677.47
7   370.63   1635.56
8   364.692   1595.17
9   359.84   1556.09
10   354.196   1521.47
11   349.556   1481.5
12   343.53   1455.23
13   338.932   1417.15
14   333.874   1385.59
15   328.484   1354.51
16   324.476   1316.44
17   318.682   1290.01
18   313.99   1260.71
19   308.85   1234.1
20   304.52   1198.61
21   299.798   1175.23
22   294.552   1147.35
23   289.55   1113.76
24   285.168   1088.79
25   281.664   1061.36
26   276.748   1042.09
27   273.02   1018.02
28   267.408   994.576
29   263.584   970.622
30   259.86   948.992
31   255.796   925.9
32   250.824   904.678
33   247.03   887.004
34   244.276   863.744
35   239.558   839.996
36   236.192   818.026
37   231.688   800.944
38   228.684   783.534
39   224.996   759.376
40   221.25   745.858
41   216.994   731.742
42   212.8   706.896
43   209.702   692.212
44   207.054   673.482
45   203.64   659.046
46   200.412   640.96
47   197.078   626.82
48   192.988   611.688
49   189.392   592.802
50   186.552   581.628
51   184.054   566.35
52   180.66   552.894
53   176.72   537.222
54   172.938   522.388
55   170.25   503.132
56   168.038   498.42
57   164.492   482.22
58   161.46   468.85
59   158.294   459.6
60   157.06   444.464
61   153.148   431.784
62   150.112   418.724
63   146.62   409.066
64   144.904   395.948
65   141.634   385.956
66   139.494   376.846
67   136.788   362.802
68   133.302   350.054
69   131.722   344.386
70   129.156   329.53
71   126.724   322.014
72   123.806   312.832
73   121.258   302.992
74   119.802   296.532
75   116.13   284.47
76   113.776   277.794
77   111.17   267.144
78   109.75   260.042
79   107.39   250.688
80   105.314   247.098
81   103.908   237.922
82   101.36   233.56
83   99.632   226.906
84   97.046   215.602
85   95.562   208.15
86   93.704   202.666
87   90.99   195.934
88   88.598   190.528
89   87.712   185.188
90   84.256   175.486
91   83.816   175.904
92   81.416   166.822
93   80.896   163.98
94   78.83   158.164
95   76.98   151.694
96   74.44   146.216
97   73.794   141.168
98   70.91   135.034
99   69.702   133.844
100   67.97   128.072
101   66.714   122.034
102   64.782   118.852
103   63.166   114.094
104   61.88   110.028
105   60.762   106.878
106   58.72   101.708
107   57.54   99.444
108   55.612   95.236
109   54.414   91.916
110   53.258   87.936
111   52.088   84.91
112   50.702   82.412
113   49.892   79.516
114   48.422   77.084
115   46.55   72.164
116   45.694   70.526
117   44.976   68.698
118   43.234   66.032
119   41.79   62.218
120   40.172   59.056
121   39.098   56.298
122   38.184   53.824
123   37.338   52.47
124   36.672   50.698
125   35.008   48.63
126   34.236   47.016
127   32.61   43.3
128   32.492   43.3
129   30.916   40.17
130   30.542   39.47
131   29.262   37.472
132   28.57   36.392
133   28.444   35.614
134   27.202   33.678
135   25.316   30.48
136   25.058   29.922
137   24.064   28.62
138   23.488   27.66
139   22.844   26.328
140   21.222   23.928
141   21.158   24.3
142   21.052   23.384
143   20.206   22.666
144   19.05   20.74
145   18.578   20.53
146   17.432   18.868
147   16.812   17.98
148   16.44   17.212
149   16.332   16.838
150   15.668   15.938
151   14.518   14.868
152   14.348   14.23
153   14.1   13.898
154   13.552   13.496
155   12.422   12.102
156   12.514   12.108
157   11.89   11.31
158   11.266   10.626
159   11.418   10.766
160   10.576   9.656
161   10.074   9.362
162   9.512   8.582
163   9.418   8.382
164   9.092   8.042
165   8.77   7.736
166   8.578   7.476
167   8.112   6.942
168   7.364   6.132
169   7.642   6.44
170   7.522   6.328
171   6.872   5.646
172   6.758   5.602
173   6.538   5.276
174   6.452   5.236
175   5.878   4.646
176   5.826   4.52
177   5.548   4.33
178   5.702   4.452
179   5.384   4.166
180   5.07   3.844
181   5.284   4.112
182   4.648   3.464
183   4.702   3.532
184   4.598   3.406
185   4.456   3.274
186   4.082   2.908
187   3.984   2.802
188   3.892   2.768
189   3.92   2.762
190   3.702   2.578
191   3.74   2.636
192   3.366   2.262
193   3.446   2.342
194   3.182   2.1
195   2.944   1.894
196   2.848   1.798
197   2.854   1.81
198   2.656   1.636
199   2.48497   1.46693
