0   407.206   1976.9
1   402.452   1924.38
2   397.704   1880.99
3   392.052   1823.17
4   387.3   1782.08
5   381.69   1745.33
6   377.014   1696.21
7   371.188   1652.88
8   365.974   1618.12
9   359.998   1576.97
10   355.474   1549.95
11   350.594   1508.26
12   344.69   1470.24
13   340.216   1432.41
14   334.176   1407.75
15   330.128   1376.55
16   324.868   1336.18
17   319.566   1307.75
18   314.214   1274.31
19   309.088   1249.49
20   305.156   1215.81
21   300.45   1188.86
22   295.242   1159.12
23   290.79   1133.68
24   286.138   1106.82
25   281.778   1078.9
26   277.856   1050.28
27   272.344   1027.73
28   268.572   1002.39
29   264.488   979.354
30   259.86   953.664
31   256.146   934.568
32   251.592   913.8
33   246.658   885.376
34   243.768   872.206
35   239.216   856.72
36   235.934   828.61
37   231.534   808.2
38   228.684   783.618
39   223.266   765.2
40   220.58   746.604
41   217.382   731.166
42   212.77   712.326
43   209.638   692.77
44   206.002   679.724
45   202.346   660.492
46   198.988   644.902
47   196.288   627.472
48   192.578   612.006
49   188.128   592.45
50   186.02   580.594
51   183.258   568.988
52   179.6   547.466
53   176.398   535.656
54   174.552   522.238
55   170.298   508.88
56   166.902   492.068
57   163.112   481.646
58   161.294   468.302
59   157.78   456.264
60   156.582   446.126
61   153.174   428.78
62   149.86   423.162
63   147.73   408.736
64   144.32   396.72
65   142.334   386.322
66   138.998   376.804
67   136.494   362.384
68   133.888   354.58
69   132.756   344.246
70   129.212   335.062
71   125.73   321.894
72   124.906   315.858
73   122.088   308.684
74   120.536   301.088
75   117.922   291.982
76   115.474   284.136
77   112.282   270.736
78   110.208   267.036
79   109.054   258.352
80   106.212   251.472
81   103.834   241.032
82   101.246   231.41
83   100.06   226.44
84   96.878   215.366
85   95.124   212.928
86   93.502   205.43
87   92.358   200.676
88   89.992   193.404
89   87.884   185.926
90   86.668   180.842
91   84.642   174.896
92   81.876   167.428
93   80.172   162.734
94   79.474   160.672
95   76.898   151.382
96   74.836   147.49
97   72.414   141.244
98   71.19   136.482
99   69.802   132.082
100   67.744   126.218
101   66.118   122.824
102   64.302   116.972
103   63.194   116.072
104   62.642   110.766
105   59.926   104.588
106   58.718   103.112
107   57.402   99.056
108   56.928   95.588
109   54.824   91.902
110   52.916   88.34
111   52.33   85.304
112   50.406   81.466
113   48.636   77.378
114   48.206   75.668
115   46.662   72.702
116   45.252   69.67
117   43.36   64.908
118   42.02   61.306
119   41.486   60.66
120   40.15   57.982
121   39.048   55.918
122   38.888   55.712
123   36.292   51.036
124   36.184   50.25
125   35.362   48.458
126   33.614   45.096
127   32.512   43.53
128   31.36   41.18
129   30.588   39.932
130   30.168   38.728
131   29.162   36.96
132   27.986   34.634
133   27.872   34.296
134   25.932   31.576
135   25.516   30.534
136   24.994   30.154
137   23.232   27.406
138   23.158   27.098
139   22.11   25.558
140   21.816   25.24
141   20.906   23.08
142   19.664   21.988
143   19.764   21.618
144   19.076   20.464
145   18.078   19.508
146   17.53   18.682
147   17.102   17.996
148   16.518   17.1
149   15.068   15.286
150   16.102   16.494
151   14.49   14.248
152   13.57   13.296
153   13.204   12.85
154   12.768   12.176
155   12.828   12.47
156   12.4   12.04
157   11.596   10.848
158   11.366   10.616
159   11.404   10.788
160   10.834   9.876
161   10.404   9.546
162   9.854   8.79
163   9.264   8.156
164   9.362   8.262
165   8.348   7.248
166   8.344   7.17
167   8.512   7.33
168   7.842   6.69
169   7.948   6.692
170   7.56   6.352
171   7.084   5.896
172   7   5.704
173   6.73   5.55
174   6.132   4.948
175   6.13   4.892
176   5.74   4.492
177   5.578   4.296
178   5.648   4.422
179   5.324   4.092
180   5.202   3.966
181   4.77   3.53
182   4.878   3.684
183   4.788   3.584
184   4.678   3.524
185   4.462   3.282
186   4.292   3.112
187   4.132   2.984
188   3.916   2.784
189   3.75   2.61
190   3.622   2.522
191   3.48   2.388
192   3.342   2.258
193   3.462   2.35
194   3.254   2.176
195   3.126   2.026
196   3.06   2.002
197   2.876   1.838
198   2.592   1.576
199   2.46894   1.46092
