0   407.9   1998.02
1   403.114   1947.08
2   398.748   1901.79
3   393.304   1851.76
4   388.476   1807.82
5   382.968   1765.22
6   377.728   1724.43
7   372.692   1683.52
8   366.458   1639.55
9   361.092   1603.38
10   355.762   1564.75
11   350.194   1530.93
12   344.95   1487.07
13   339.778   1451.72
14   334.588   1423.19
15   329.23   1388.03
16   324.198   1353.98
17   318.372   1320.01
18   313.686   1289.53
19   308.94   1264.07
20   304.66   1230.64
21   298.976   1201.76
22   293.94   1175.01
23   289.502   1147.22
24   285.27   1124.07
25   281.826   1098.58
26   275.666   1068.48
27   271.332   1044.77
28   267.686   1020.78
29   262.76   995.65
30   259.092   972.634
31   255.1   945.706
32   250.692   925.078
33   246.828   902.176
34   242.674   881.712
35   238.722   860.486
36   235.078   844.028
37   231.396   819.462
38   227.696   805.938
39   224.256   784.032
40   221.094   765.662
41   218.088   749.352
42   213.156   736.904
43   210.016   714.992
44   206.226   696.56
45   202.622   678.1
46   199.774   663.458
47   197.164   647.762
48   193.134   633.54
49   190.77   617.456
50   187.286   606.982
51   184.594   586.838
52   181.278   573.15
53   178.964   561.362
54   175.948   544.98
55   171.326   531.442
56   169.612   514.146
57   166.616   498.966
58   163.262   490.972
59   160.294   477.938
60   157.918   462.66
61   154.24   450.674
62   151.654   439.994
63   148.646   426.074
64   146.066   415.962
65   143.342   401.968
66   140.356   393.044
67   138.702   385.044
68   136.622   371.828
69   132.662   359.752
70   132.49   353.192
71   128.076   342.058
72   126.234   332.864
73   123.826   322.094
74   121.084   313.244
75   118.43   306.956
76   116.786   296.526
77   114.366   285.188
78   112.794   284.18
79   109.22   268.386
80   106.858   262.046
81   106.986   257.004
82   103.208   245.796
83   101.72   240.898
84   99.944   233.564
85   96.936   226.072
86   95.366   219.124
87   93.604   212.384
88   92.124   208.744
89   89.23   198.452
90   88.012   196.752
91   84.97   183.886
92   83.554   177.114
93   80.918   171.052
94   80.08   169.51
95   78.09   161.758
96   76.76   157.38
97   75.41   152.356
98   73.84   146.876
99   72.316   142.15
100   69.124   136.89
101   67.444   130.486
102   66.136   125.584
103   66.01   125.816
104   64.368   122.246
105   62.234   114.022
106   59.834   109.11
107   59.194   107.148
108   57.756   102.54
109   55.838   97.678
110   55.096   95.342
111   53.386   93.274
112   52.172   87.886
113   50.582   83.31
114   48.236   79.356
115   48.436   77.468
116   46.268   74.34
117   45.674   72.872
118   44.356   69.736
119   42.924   67.846
120   42.694   65.472
121   40.248   60.434
122   39.794   59.78
123   38.414   56.93
124   37.532   53.652
125   35.708   51.81
126   35.698   49.994
127   34.524   47.518
128   33.028   44.842
129   32.624   44.344
130   30.78   41.424
131   30.634   41.582
132   29.794   39.168
133   29.322   38.88
134   27.582   35.342
135   27.09   34.324
136   25.698   32.058
137   24.836   30.956
138   23.988   29.302
139   23.616   28.538
140   22.348   26.376
141   21.492   25.22
142   20.728   24.322
143   20.534   23.466
144   19.878   22.694
145   19.006   21.078
146   17.754   19.422
147   17.568   19.358
148   17.574   19.096
149   16.42   17.666
150   15.076   15.994
151   15.232   16.022
152   14.766   15.374
153   13.632   13.95
154   13.332   13.262
155   12.852   12.836
156   12.874   12.714
157   12.324   12.284
158   11.15   10.428
159   11.302   10.606
160   11.144   10.586
161   10.72   9.994
162   9.86   9.146
163   9.708   8.9
164   9.524   8.65
165   9.074   8.16
166   8.744   7.792
167   8.416   7.438
168   8.266   7.24
169   7.49   6.408
170   7.494   6.432
171   7.308   6.204
172   7.058   5.934
173   6.632   5.452
174   6.466   5.254
175   6.404   5.138
176   6.112   4.936
177   5.84   4.662
178   5.76   4.514
179   5.248   4.088
180   5.068   3.876
181   5.062   3.858
182   4.634   3.47
183   4.88   3.674
184   4.638   3.484
185   4.256   3.092
186   4.316   3.216
187   4.026   2.878
188   4.058   2.908
189   3.906   2.82
190   3.716   2.574
191   3.652   2.522
192   3.346   2.266
193   3.472   2.36
194   3.226   2.14
195   2.88   1.836
196   2.816   1.76
197   2.7   1.676
198   2.664   1.636
199   2.39279   1.38277
