0   408.337   1984.56
1   403.394   1925.83
2   398.262   1876.58
3   392.706   1832.16
4   387.86   1789.06
5   381.798   1756
6   376.88   1701.29
7   371.242   1664.18
8   366.33   1624.02
9   360.992   1590.73
10   354.83   1553.23
11   349.776   1514.71
12   344.8   1475.63
13   338.918   1445.11
14   334.636   1414.99
15   329.944   1381.22
16   325.034   1351.53
17   319.622   1323.33
18   314.692   1292.35
19   309.728   1257.26
20   305.15   1231.39
21   299.494   1200.73
22   296.004   1170.52
23   290.426   1142.62
24   286.692   1123.03
25   281.986   1099.26
26   279.012   1070.33
27   273.3   1050.87
28   269.572   1027.22
29   264.732   1004.92
30   260.706   976.218
31   256.64   949.722
32   253.182   931.252
33   249.614   912.998
34   245.436   893.456
35   240.62   869.992
36   238.438   848.234
37   232.862   825.972
38   230.588   809.55
39   225.842   789.968
40   222.458   772.066
41   219.032   753.62
42   215.536   739.53
43   211.064   717.536
44   209.022   696.956
45   205.004   684.51
46   202.59   666.15
47   198.318   649.554
48   195.25   631.792
49   192.024   618.092
50   187.398   604.308
51   184.556   589.566
52   180.582   575.354
53   177.648   556.654
54   175.126   540.326
55   171.804   527.392
56   169.076   512.636
57   166.56   501.282
58   163.058   493.188
59   160.882   480.756
60   158.518   466.494
61   154.576   453.374
62   151.17   439.324
63   148.726   424.386
64   146.776   415.752
65   144.76   407.876
66   141.684   392.614
67   139.42   382.176
68   136.212   372.696
69   134.02   365.234
70   131.642   355.214
71   128.956   344.026
72   126.112   332.856
73   123.73   325.326
74   121.864   316.242
75   120.268   305.524
76   116.802   297.178
77   115.314   287.45
78   112.992   280.014
79   109.816   273.678
80   109.176   263.67
81   106.79   257.676
82   103.55   248.51
83   102.056   239.154
84   99.414   236.172
85   98.166   226.246
86   96.036   222.728
87   94.272   216.4
88   91.948   205.652
89   90.096   200.056
90   87.704   195.066
91   84.53   183.058
92   83.908   178.702
93   81.958   174.388
94   80.168   169.17
95   79.852   163.99
96   77.712   160.862
97   75.618   152.994
98   73.716   149.386
99   72.184   143.216
100   69.8   137.686
101   69.056   135.698
102   66.734   128.588
103   66.176   124.668
104   64.42   120.532
105   63.676   118.368
106   60.602   111.912
107   60.35   109.342
108   57.744   103.08
109   56.624   100.462
110   55.824   97.784
111   54.374   95.592
112   52.452   90.04
113   51.534   86.37
114   49.86   83.398
115   48.72   81.394
116   47.456   76.708
117   45.762   74.01
118   44.562   71.682
119   43.974   68.598
120   42.318   65.598
121   41.392   64.044
122   39.636   59.286
123   39.28   58.896
124   38.29   55.924
125   37.246   54.508
126   35.928   50.91
127   34.242   48.136
128   33.69   47.416
129   32.69   45.37
130   31.692   42.906
131   30.75   41.218
132   30.368   39.57
133   29.332   38.68
134   27.832   35.75
135   27.604   35.512
136   25.992   32.56
137   25.584   31.826
138   24.554   30.37
139   23.728   29.19
140   23.472   28.25
141   22.47   26.64
142   21.052   24.704
143   20.866   24.136
144   20.452   23.85
145   19.672   22.242
146   18.97   21.442
147   17.878   19.466
148   17.334   18.77
149   17.318   18.524
150   15.908   16.96
151   15.678   16.354
152   15.244   15.638
153   14.79   15.2
154   13.664   13.84
155   13.552   13.538
156   13.628   13.718
157   12.486   12.626
158   12.104   11.686
159   11.952   11.492
160   11.13   10.644
161   11.242   10.694
162   10.546   9.836
163   9.91   9.118
164   9.508   8.646
165   9.352   8.536
166   8.65   7.698
167   8.814   7.81
168   8.5   7.438
169   8.226   7.244
170   7.762   6.622
171   7.544   6.438
172   7.252   6.094
173   6.994   5.836
174   6.774   5.598
175   6.432   5.256
176   5.994   4.73
177   5.992   4.788
178   5.608   4.486
179   5.73   4.494
180   5.762   4.496
181   4.864   3.712
182   5.194   4.022
183   4.852   3.66
184   4.552   3.406
185   4.206   3.022
186   4.396   3.24
187   4.162   2.994
188   4.208   3.1
189   3.82   2.718
190   3.924   2.79
191   3.498   2.394
192   3.418   2.348
193   3.34   2.234
194   3.16   2.092
195   3.146   2.082
196   2.832   1.782
197   2.82   1.762
198   2.544   1.52
199   2.55311   1.5511
