1   1.16   0.87   1.00   1.76
2   1.18   0.84   1.29   1.94
3   1.07   0.82   1.55   2.06
4   0.89   0.80   1.84   2.19
5   0.73   0.78   2.08   2.34
6   0.66   0.74   2.40   2.60
7   0.48   0.72   2.79   2.92
8   0.58   0.67   3.13   3.25
9   0.47   0.64   3.55   3.64
10   0.40   0.60   3.98   4.05
11   0.33   0.55   4.30   4.35
12   0.50   0.49   4.62   4.67
13   0.23   0.48   4.79   4.82
14   0.44   0.43   5.13   5.17
15   0.45   0.42   4.84   4.88
16   0.67   0.38   4.56   4.63
17   1.15   0.33   4.07   4.25
18   1.40   0.34   3.32   3.62
19   1.91   0.24   2.44   3.10
20   2.20   0.16   1.69   2.78

0   1.18   0.90   0.98
1   1.15   0.86   0.94
2   1.16   0.86   0.92
3   1.14   0.87   0.95
4   1.05   0.86   0.99
5   1.13   0.88   0.99
6   1.13   0.86   1.02
7   1.20   0.85   1.06
8   1.22   0.86   1.11
9   1.23   0.86   1.13
10   1.27   0.85   1.16
11   1.26   0.85   1.22
12   1.26   0.85   1.18
13   1.19   0.85   1.23
14   1.14   0.86   1.25
15   1.14   0.83   1.31
16   1.17   0.84   1.34
17   1.11   0.85   1.35
18   1.10   0.84   1.39
19   1.11   0.83   1.44
20   1.13   0.83   1.41
21   1.11   0.83   1.50
22   1.02   0.86   1.45
23   1.02   0.81   1.47
24   1.14   0.83   1.50
25   1.07   0.81   1.58
26   1.15   0.82   1.59
27   1.01   0.81   1.63
28   1.03   0.83   1.66
29   0.98   0.80   1.72
30   0.99   0.81   1.72
31   0.97   0.82   1.71
32   0.78   0.80   1.74
33   0.96   0.81   1.81
34   0.83   0.81   1.84
35   0.90   0.80   1.85
36   0.88   0.79   1.89
37   0.81   0.78   1.90
38   0.94   0.82   1.95
39   0.86   0.75   1.96
40   0.84   0.81   2.00
41   0.70   0.82   1.98
42   0.70   0.76   2.09
43   0.75   0.80   2.03
44   0.78   0.76   2.12
45   0.66   0.78   2.08
46   0.80   0.82   2.11
47   0.72   0.77   2.16
48   0.63   0.70   2.14
49   0.65   0.82   2.24
50   0.63   0.72   2.22
51   0.81   0.75   2.22
52   0.72   0.76   2.32
53   0.81   0.76   2.41
54   0.56   0.73   2.41
55   0.52   0.77   2.44
56   0.51   0.73   2.44
57   0.83   0.71   2.49
58   0.65   0.69   2.61
59   0.52   0.81   2.56
60   0.57   0.69   2.64
61   0.39   0.75   2.73
62   0.35   0.70   2.65
63   0.34   0.73   2.76
64   0.63   0.73   2.81
65   0.44   0.74   2.81
66   0.56   0.77   2.81
67   0.53   0.69   2.87
68   0.45   0.63   2.99
69   0.52   0.79   3.06
70   0.66   0.65   2.94
71   0.60   0.79   3.03
72   0.66   0.56   3.06
73   0.63   0.70   3.20
74   0.49   0.71   3.11
75   0.61   0.75   3.11
76   0.59   0.53   3.27
77   0.33   0.73   3.28
78   0.74   0.76   3.48
79   0.48   0.57   3.25
80   0.50   0.69   3.30
81   0.35   0.69   3.40
82   0.22   0.55   3.50
83   0.31   0.65   3.36
84   0.55   0.70   3.57
85   0.38   0.70   3.72
86   0.40   0.57   3.73
87   0.53   0.62   3.73
88   0.72   0.68   3.95
89   0.80   0.57   3.66
90   0.60   0.67   3.89
91   0.51   0.57   3.85
92   0.31   0.62   3.62
93   0.43   0.73   4.09
94   0.57   0.48   4.11
95   0.43   0.49   4.04
96   0.28   0.62   4.29
97   0.03   0.74   4.07
98   0.18   0.62   4.26
99   0.62   0.43   4.41
100   0.50   0.53   4.21
101   0.26   0.56   4.19
102   0.23   0.51   4.50
103   0.24   0.60   4.38
104   0.49   0.58   4.50
105   0.03   0.62   4.41
106   0.71   0.48   4.41
107   0.45   0.44   4.25
108   0.38   0.49   4.59
109   0.06   0.76   4.72
110   0.32   0.35   4.51
111   0.99   0.62   4.82
112   0.25   0.44   4.62
113   0.32   0.51   4.60
114   0.91   0.50   4.78
115   0.43   0.54   4.95
116   0.52   0.44   4.75
117   0.28   0.59   4.81
118   0.72   0.45   4.73
119   0.24   0.46   5.09
120   0.57   0.47   4.74
121   0.14   0.65   4.82
122   0.19   0.45   4.66
123   0.67   0.34   4.94
124   0.47   0.76   5.03
125   0.50   0.36   5.50
126   0.12   0.53   5.09
127   0.56   0.16   5.09
128   0.38   0.62   4.93
129   0.51   0.42   5.38
130   0.01   0.74   5.14
131   0.67   0.13   5.51
132   0.61   0.62   5.28
133   0.89   0.37   5.23
134   0.63   0.27   4.98
135   0.03   0.61   5.90
136   0.63   0.31   5.58
137   0.86   0.67   5.85
138   0.25   0.27   5.37
139   0.27   0.23   5.28
140   0.47   0.47   5.55
141   0.56   0.60   5.54
142   0.64   0.05   5.38
143   1.11   0.68   5.35
144   0.17   0.30   5.36
145   0.95   0.09   5.01
146   0.15   0.79   5.20
147   0.54   0.03   5.35
148   0.61   0.73   5.67
149   0.69   0.56   5.44
150   0.37   0.28   4.69
151   0.81   0.25   5.09
152   0.48   0.28   5.53
153   1.46   0.93   5.27
154   0.60   0.19   5.73
155   1.14   0.40   4.96
156   1.23   0.33   5.38
157   0.20   0.34   5.22
158   0.75   0.97   5.50
159   1.16   0.16   5.63
160   0.64   0.14   5.25
161   0.87   0.60   5.51
162   0.11   0.76   5.53
163   1.50   0.18   5.28
164   0.98   0.51   5.51
165   1.53   0.22   5.12
166   1.11   1.43   5.64
167   1.43   0.78   5.27
168   1.99   0.74   5.19
169   2.47   0.29   5.29
170   1.19   0.01   4.91
171   1.14   1.04   5.07
172   0.61   0.04   5.03
173   2.66   0.05   4.97
174   1.15   0.80   5.03
175   1.96   0.63   5.09
176   0.47   0.56   5.14
177   2.47   0.66   4.54
178   1.25   0.35   5.22
179   1.18   1.36   5.17
180   1.82   0.03   5.80
181   3.91   0.46   4.92
182   3.47   0.34   5.00
183   1.79   0.12   4.78
184   2.46   0.35   5.61
185   0.67   1.71   5.53
186   0.54   0.72   5.76
187   1.31   0.42   5.26
188   1.97   0.45   5.69
189   0.97   0.21   5.51
190   3.06   0.12   5.29
191   0.57   0.37   4.98
192   5.18   0.35   5.45
193   3.96   0.74   5.41
194   0.75   0.01   5.49
195   0.25   0.35   5.19
196   2.13   0.24   5.34
197   1.95   0.19   4.92
198   3.14   0.04   5.41
199   0.19   0.14   4.36
