1   0.02   0.06   0.15   0.17
2   0.05   0.09   0.30   0.31
3   0.03   0.11   0.42   0.44
4   0.07   0.12   0.53   0.55
5   0.12   0.13   0.60   0.63
6   0.13   0.13   0.76   0.78
7   0.23   0.15   0.95   0.99
8   0.14   0.15   1.09   1.11
9   0.20   0.16   1.32   1.35
10   0.19   0.16   1.63   1.65
11   0.25   0.17   1.88   1.91
12   0.16   0.15   2.10   2.11
13   0.35   0.19   2.41   2.44
14   0.18   0.16   2.82   2.83
15   0.15   0.19   2.87   2.88
16   0.02   0.17   2.81   2.81
17   0.46   0.19   2.63   2.68
18   0.68   0.19   2.17   2.28
19   1.16   0.11   1.64   2.01
20   1.24   0.09   1.02   1.61

0   0.03   0.03   0.11
1   0.05   0.04   0.12
2   0.06   0.04   0.14
3   0.03   0.05   0.15
4   0.04   0.06   0.17
5   0.01   0.06   0.18
6   0.02   0.07   0.18
7   0.00   0.07   0.21
8   0.00   0.08   0.22
9   0.07   0.08   0.25
10   0.07   0.08   0.25
11   0.06   0.08   0.24
12   0.03   0.09   0.26
13   0.04   0.09   0.29
14   0.04   0.09   0.31
15   0.04   0.09   0.34
16   0.09   0.09   0.35
17   0.06   0.09   0.38
18   0.05   0.11   0.40
19   0.07   0.10   0.39
20   0.06   0.10   0.42
21   0.04   0.10   0.43
22   0.01   0.10   0.44
23   0.01   0.11   0.40
24   0.05   0.10   0.41
25   0.00   0.13   0.45
26   0.01   0.10   0.48
27   0.09   0.11   0.48
28   0.04   0.13   0.51
29   0.05   0.10   0.50
30   0.02   0.12   0.49
31   0.09   0.10   0.58
32   0.12   0.13   0.53
33   0.09   0.12   0.53
34   0.16   0.11   0.62
35   0.02   0.12   0.55
36   0.08   0.14   0.56
37   0.03   0.10   0.54
38   0.06   0.13   0.64
39   0.05   0.15   0.60
40   0.01   0.11   0.62
41   0.07   0.13   0.60
42   0.14   0.14   0.64
43   0.13   0.12   0.63
44   0.09   0.13   0.67
45   0.14   0.15   0.63
46   0.15   0.12   0.65
47   0.15   0.15   0.69
48   0.24   0.08   0.67
49   0.15   0.17   0.74
50   0.17   0.12   0.69
51   0.15   0.11   0.66
52   0.12   0.16   0.70
53   0.19   0.11   0.79
54   0.10   0.16   0.84
55   0.20   0.14   0.82
56   0.14   0.12   0.83
57   0.07   0.15   0.85
58   0.01   0.11   0.93
59   0.21   0.13   0.92
60   0.15   0.17   0.95
61   0.32   0.15   0.92
62   0.26   0.10   0.90
63   0.44   0.16   1.00
64   0.17   0.17   1.00
65   0.23   0.11   1.06
66   0.21   0.18   0.99
67   0.11   0.13   1.04
68   0.27   0.11   1.07
69   0.17   0.21   1.11
70   0.04   0.15   1.11
71   0.14   0.15   1.07
72   0.11   0.11   1.16
73   0.07   0.22   1.11
74   0.20   0.15   1.14
75   0.20   0.21   1.19
76   0.12   0.03   1.19
77   0.04   0.20   1.27
78   0.22   0.21   1.32
79   0.30   0.02   1.12
80   0.11   0.26   1.22
81   0.23   0.12   1.28
82   0.27   0.12   1.25
83   0.28   0.18   1.35
84   0.22   0.14   1.40
85   0.36   0.21   1.47
86   0.04   0.18   1.47
87   0.32   0.14   1.45
88   0.16   0.16   1.57
89   0.04   0.07   1.52
90   0.09   0.20   1.54
91   0.17   0.14   1.62
92   0.31   0.19   1.48
93   0.31   0.18   1.73
94   0.13   0.17   1.78
95   0.16   0.08   1.74
96   0.18   0.20   1.87
97   0.50   0.17   1.74
98   0.32   0.20   1.88
99   0.01   0.10   1.92
100   0.27   0.17   1.78
101   0.31   0.15   1.81
102   0.27   0.17   2.02
103   0.38   0.14   1.97
104   0.17   0.20   1.96
105   0.33   0.17   2.11
106   0.11   0.06   2.10
107   0.11   0.28   2.00
108   0.40   0.06   2.12
109   0.38   0.34   2.18
110   0.31   0.01   2.15
111   0.21   0.33   2.12
112   0.36   0.05   2.24
113   0.21   0.21   2.18
114   0.25   0.14   2.27
115   0.37   0.11   2.40
116   0.23   0.18   2.34
117   0.55   0.27   2.23
118   0.02   0.08   2.32
119   0.51   0.11   2.47
120   0.25   0.13   2.42
121   0.42   0.31   2.42
122   0.12   0.12   2.29
123   1.15   0.16   2.61
124   0.27   0.36   2.73
125   0.10   0.12   2.85
126   0.50   0.28   2.72
127   0.34   0.04   2.70
128   0.11   0.32   2.71
129   0.15   0.11   3.09
130   0.54   0.36   2.81
131   0.17   0.09   3.00
132   0.01   0.28   3.10
133   0.25   0.14   2.95
134   0.08   0.07   2.82
135   0.52   0.24   3.33
136   0.14   0.09   3.24
137   0.08   0.46   3.45
138   0.55   0.05   3.10
139   0.28   0.03   3.12
140   0.89   0.36   3.35
141   0.04   0.20   3.35
142   0.08   0.19   3.30
143   0.46   0.29   3.39
144   0.26   0.25   3.23
145   0.13   0.16   3.20
146   0.44   0.53   3.28
147   0.43   0.01   3.56
148   0.04   0.26   3.48
149   0.07   0.34   3.65
150   0.80   0.00   3.04
151   0.08   0.18   3.33
152   0.35   0.13   3.59
153   0.49   0.64   3.44
154   0.03   0.10   3.58
155   0.59   0.29   3.26
156   0.34   0.17   3.50
157   0.63   0.19   3.43
158   0.17   0.63   3.71
159   0.26   0.41   3.98
160   0.09   0.26   3.56
161   0.44   0.31   3.83
162   0.81   0.41   3.70
163   0.68   0.01   3.59
164   0.64   0.16   3.85
165   0.66   0.21   3.63
166   0.82   0.86   3.95
167   0.59   0.48   3.81
168   0.91   0.47   3.73
169   1.35   0.05   3.74
170   0.36   0.10   3.75
171   0.38   0.70   3.67
172   0.01   0.02   3.50
173   1.59   0.16   3.53
174   0.77   0.68   3.68
175   1.16   0.26   3.61
176   0.18   0.60   3.65
177   1.37   0.57   3.28
178   0.51   0.35   3.63
179   0.62   0.93   3.57
180   1.20   0.15   4.09
181   2.46   0.43   3.67
182   2.19   0.04   3.63
183   1.17   0.01   3.47
184   1.48   0.31   4.01
185   0.15   1.19   3.92
186   0.41   0.63   3.79
187   0.82   0.37   3.50
188   1.33   0.27   3.82
189   0.55   0.04   3.53
190   1.78   0.01   3.51
191   0.20   0.19   3.18
192   3.08   0.20   3.40
193   2.57   0.43   3.42
194   0.30   0.00   3.38
195   0.05   0.19   3.05
196   1.26   0.14   3.17
197   1.11   0.12   2.84
198   1.81   0.01   2.96
199   0.02   0.08   2.41
