0   407.579   1961.24
1   402.888   1912.03
2   397.944   1867.11
3   393.074   1825.62
4   387.85   1778.66
5   382.304   1726.78
6   376.464   1688.82
7   370.732   1641.07
8   365.026   1608.41
9   359.092   1569.57
10   353.776   1521.23
11   348.086   1485.18
12   343.358   1455.5
13   337.916   1416.63
14   332.568   1385.63
15   327.36   1355.85
16   322.4   1321.83
17   318.4   1289.22
18   313.292   1256.45
19   307.486   1229.09
20   303.462   1203.44
21   297.322   1175.52
22   292.604   1142.45
23   288.154   1119.93
24   284.47   1089.44
25   279.112   1067.1
26   274.902   1039.17
27   270.008   1014.09
28   266.15   989.404
29   260.71   966.618
30   256.996   945.93
31   253.182   922.744
32   248.654   900.596
33   245.238   876.08
34   240.962   856.512
35   236.974   842.152
36   233.312   816.6
37   228.51   797.562
38   224.466   777.01
39   222.71   760.68
40   219.904   744.142
41   215.33   724.418
42   211.948   704.988
43   207.546   683.484
44   203.966   671.884
45   200.91   657.24
46   197.284   638.582
47   193.94   615.574
48   190.936   611.268
49   186.534   586.842
50   183.5   575.768
51   181.7   565.162
52   179.032   547.686
53   175.536   533.424
54   171.954   518.486
55   170   508.616
56   164.708   488.996
57   163.3   478.756
58   159.876   464.702
59   158.644   457.836
60   155.156   447.748
61   152.36   431.828
62   149.182   421.14
63   147.256   410.042
64   142.814   398.462
65   140.75   388.142
66   139.528   377.642
67   136.444   369.116
68   134.908   358.106
69   131.68   345.408
70   128.784   334.784
71   125.944   326.688
72   123.484   318.05
73   122.066   307.398
74   119.486   299.848
75   116.738   290.956
76   114.744   284.148
77   112.098   270.932
78   110.366   266.86
79   107.916   258.41
80   106.196   252.026
81   103.42   243.952
82   101.754   238.05
83   99.696   227.788
84   98.672   226.146
85   95.214   214.636
86   94.32   211.97
87   92.218   199.534
88   89.704   194.826
89   87.246   188.366
90   85.102   178.986
91   83.378   177.44
92   81.676   171.156
93   80.924   165.682
94   78.62   160.148
95   75.496   151.48
96   75.628   152.232
97   72.798   145.496
98   71.532   139.088
99   68.908   130.728
100   69   129.74
101   67.388   126.844
102   65.882   123.272
103   63.72   115.434
104   62.244   114.852
105   60.692   108.36
106   59.028   104.562
107   58.134   100.66
108   56.118   95.78
109   54.942   93.354
110   53.956   90.836
111   52.806   88.468
112   51.65   84.788
113   49.406   80.502
114   48.962   79.144
115   46.904   74.114
116   46.216   72.622
117   44.644   68.692
118   42.958   65.736
119   42.702   66.358
120   40.966   60.526
121   40.34   59.352
122   39.144   56.406
123   38.066   54.908
124   36.702   51.818
125   35.088   49.234
126   34.524   47.458
127   33.238   45.178
128   32.8   44.93
129   31.95   42.55
130   31.02   40.98
131   30.318   39.368
132   28.6507   36.6367
133   28.1002   35.6794
134   26.8   33.918
135   25.596   31.246
136   25.722   31.462
137   24.84   30.054
138   23.112   28.346
139   23.372   27.294
140   22.08   25.866
141   21.552   24.472
142   20.4   23.212
143   19.996   22.632
144   19.08   21.098
145   19.578   21.774
146   17.792   19.208
147   17.174   18.388
148   16.588   17.584
149   15.99   16.66
150   15.66   16.282
151   15.036   15.272
152   14.322   14.352
153   13.706   13.776
154   13.654   13.712
155   13.088   12.896
156   12.766   12.322
157   12.046   11.622
158   11.95   11.1
159   11.466   10.928
160   11.136   10.504
161   10.128   9.318
162   9.66   8.734
163   9.702   8.898
164   9.306   8.274
165   9.226   8.32
166   8.7   7.53
167   8.688   7.606
168   8.372   7.268
169   7.736   6.716
170   7.074   5.862
171   7.316   6.104
172   6.852   5.624
173   6.582   5.368
174   6.668   5.428
175   6.196   4.906
176   5.846   4.568
177   5.826   4.53
178   5.776   4.522
179   5.36   4.202
180   5.266   4.048
181   4.92   3.764
182   4.948   3.742
183   4.778   3.616
184   4.432   3.224
185   4.506   3.35
186   4.348   3.192
187   4.054   2.86
188   3.902   2.758
189   3.896   2.76
190   3.59   2.466
191   3.556   2.43
192   3.402   2.3
193   3.252   2.198
194   3.124   2.058
195   3.078   2.006
196   2.852   1.802
197   2.766   1.736
198   2.622   1.596
199   2.54709   1.53507
