0   407.866   1983.9
1   402.68   1946.05
2   398.284   1894.16
3   393.612   1843.61
4   387.818   1794.46
5   382.51   1744.98
6   376.414   1704.36
7   370.698   1670.91
8   365.776   1619.14
9   360.666   1589.84
10   354.624   1545.73
11   349.196   1512.27
12   344.786   1480.41
13   339.344   1441.79
14   333.722   1408.02
15   328.028   1377.15
16   324.904   1341.6
17   318.348   1307.77
18   313.364   1285.47
19   308.634   1251.01
20   302.806   1221.69
21   299.318   1193.96
22   294.154   1162
23   289.368   1132.87
24   285.674   1109.5
25   281.012   1079.18
26   275.726   1057.68
27   272.17   1036.28
28   267.91   1009.31
29   263.456   981.976
30   259.852   959.59
31   255.992   945.124
32   251.234   915.822
33   247.332   892.094
34   243.374   874.01
35   240.092   852.608
36   235.316   831.752
37   231.318   813.96
38   227.938   796.012
39   223.9   770.902
40   219.098   753.49
41   216.154   730.604
42   212.26   714.162
43   208.794   695.74
44   205.828   680.42
45   202.546   662.956
46   199.464   643.344
47   196.132   632.35
48   191.254   616.706
49   189.352   598.552
50   186.266   583.482
51   183.272   567.284
52   179.36   555.05
53   176.334   536.404
54   172.022   524.386
55   169.972   509.8
56   166.958   498.76
57   164.258   485.31
58   161.492   473.66
59   158.512   459.276
60   156.244   450.664
61   153.05   437.502
62   150.594   428.016
63   147.164   411.652
64   144.022   400.302
65   142.41   390.464
66   139.014   381.28
67   135.876   367.328
68   134.288   359.318
69   131.608   347.43
70   129.536   338.126
71   127.016   328.658
72   125.152   320.014
73   121.936   308.438
74   120.274   303.218
75   116.876   292.112
76   114.336   283.866
77   113.75   277.912
78   111.162   269.99
79   109.188   260.13
80   106.676   253.254
81   103.858   242.442
82   101.35   232.516
83   99.806   228.054
84   98.102   222.26
85   95.936   217.768
86   93.38   207.39
87   92.314   202.648
88   90.276   195.908
89   87.704   186.856
90   85.136   181.158
91   84.95   176.678
92   81.672   168.332
93   79.89   163.372
94   79.294   160.452
95   76.47   152.612
96   74.65   146.648
97   72.754   141.538
98   71.308   138.326
99   69.896   132.802
100   68.444   129.338
101   66.59   122.306
102   64.732   120.6
103   63.46   115.692
104   62.006   112.744
105   60.492   107.776
106   58.536   102.268
107   57.658   99.848
108   55.808   95.692
109   54.77   92.268
110   53.44   89.43
111   52.576   87.976
112   50.146   82.168
113   49.366   79.076
114   47.944   76.062
115   47.632   75.11
116   46.052   71.976
117   44.452   68.17
118   43.712   66.878
119   41.264   62.068
120   41.144   61.138
121   39.87   58.658
122   38.732   55.982
123   37.232   52.766
124   36.634   51.438
125   35.452   48.808
126   33.936   46.366
127   32.562   43.702
128   32.032   42.646
129   31.652   41.65
130   30.33   39.148
131   29.06   37.034
132   28.42   36.036
133   27.682   34.94
134   26.586   32.938
135   25.548   31.224
136   25.31   30.626
137   24.868   29.95
138   24.394   28.902
139   22.994   26.528
140   22.392   26.04
141   22.292   26.032
142   20.596   23.108
143   20.068   22.44
144   19.968   22.238
145   18.774   20.814
146   17.464   18.794
147   17.452   18.654
148   16.932   18.172
149   15.672   16.364
150   16.046   16.84
151   15.35   15.69
152   14.674   15.04
153   14.034   14.27
154   13.08   12.886
155   13.224   12.904
156   12.534   12.088
157   12.184   11.76
158   11.73   11.058
159   10.896   10.23
160   10.914   10.148
161   10.148   9.31
162   10.202   9.336
163   9.658   8.646
164   9.312   8.332
165   9.002   7.97
166   8.798   7.68
167   7.962   6.824
168   7.836   6.582
169   7.648   6.574
170   7.304   6.072
171   7.246   5.906
172   6.976   5.78
173   6.504   5.404
174   6.408   5.198
175   6.334   5.098
176   6.058   4.85
177   5.75   4.526
178   5.262   4.1
179   5.372   4.136
180   5.354   4.108
181   4.912   3.706
182   4.942   3.786
183   4.572   3.434
184   4.494   3.296
185   4.078   2.862
186   4.188   3.068
187   4.108   2.966
188   4.006   2.866
189   3.84   2.676
190   3.762   2.64
191   3.532   2.412
192   3.46   2.37
193   3.232   2.148
194   3.114   2.054
195   3.106   2.048
196   2.906   1.856
197   2.816   1.78
198   2.618   1.606
199   2.53707   1.53106
