0   407.808   1992.27
1   403.38   1944.48
2   397.872   1887.93
3   393.136   1847.14
4   387.102   1797.77
5   382.484   1753.36
6   377.24   1720.19
7   371.256   1676.11
8   366.338   1632.52
9   360.176   1593.77
10   355.292   1558.73
11   349.438   1526.05
12   344.662   1483.38
13   339.394   1445.06
14   333.026   1412.95
15   327.854   1378.99
16   322.876   1350.05
17   318.732   1320.09
18   313.606   1290.87
19   308.286   1254.66
20   304.39   1225.33
21   297.7   1191.52
22   293.598   1167.63
23   288.06   1140.75
24   284.55   1110.56
25   280.318   1089.59
26   276.072   1062.86
27   271.596   1041.5
28   266.732   1012.14
29   263.536   989.196
30   259.336   969.908
31   255.076   946.426
32   248.73   926.242
33   247.264   904.2
34   243.6   881.292
35   239.272   861.114
36   235.176   837.128
37   231.212   818.756
38   227.992   797.552
39   224.064   780.394
40   220.942   767.808
41   216.946   738.726
42   212.22   725.492
43   210.59   707.902
44   207.216   693.756
45   203.732   672.824
46   199.638   660.376
47   196.598   646.074
48   193.17   626.406
49   189.846   612.724
50   186.288   597.914
51   183.792   580.612
52   179.118   562.604
53   176.672   550.454
54   173.508   532.17
55   170.448   522.922
56   167.47   510.134
57   165.128   495.832
58   161.826   482.178
59   159.436   469.422
60   157.222   459.594
61   153.634   442.952
62   150.834   432.946
63   147.368   419.38
64   146.158   410.746
65   142.64   400.634
66   139.488   386.894
67   137.45   374.414
68   135.11   368.21
69   132.042   355.69
70   130.034   345.608
71   128.314   340.968
72   124.78   327.344
73   123.252   319.748
74   120.99   310.418
75   118.564   303.38
76   115.832   291.506
77   114.018   281.648
78   110.506   270.318
79   109.212   265.68
80   106.392   256.384
81   104.36   251.004
82   102.564   244.544
83   101.458   236.494
84   99.018   228.194
85   97.512   224.36
86   94.854   213.844
87   92.664   207.002
88   90.396   201.09
89   88.606   193.148
90   86.716   189.48
91   84.522   182.398
92   82.012   174.49
93   81.5   171.408
94   80.474   167.472
95   77.556   160.41
96   76.006   155.496
97   74.372   150.044
98   73.148   145.35
99   71.442   142.48
100   69.424   133.892
101   67.894   129.728
102   66.972   127.316
103   65.126   124.334
104   63.768   119.33
105   62.792   115.018
106   60.176   109.374
107   58.424   103.118
108   56.912   100.654
109   56.074   97.798
110   54.876   95.006
111   52.534   89.406
112   52.158   88.448
113   50.542   84.266
114   49.278   81.384
115   48.12   78.46
116   47.376   76.418
117   45.704   72.466
118   44.884   70.672
119   43.49   67.162
120   41.828   64.244
121   39.882   59.906
122   40.048   58.66
123   37.994   55.196
124   37.496   53.782
125   35.996   52.09
126   35.35   49.166
127   34.42   48.174
128   33.782   47.138
129   32.754   45.038
130   31.608   42.39
131   30.27   40.124
132   29.494   38.726
133   28.508   36.57
134   27.592   35.028
135   27.35   34.738
136   25.524   32.38
137   24.802   30.806
138   24.646   29.788
139   22.968   27.67
140   22.264   26.192
141   22.126   25.844
142   20.662   23.596
143   20.068   22.864
144   20.032   22.47
145   19.276   21.468
146   18.062   19.82
147   17.536   19.178
148   17.49   18.982
149   16.73   17.622
150   15.716   16.364
151   15.212   15.55
152   14.396   14.684
153   14.106   14.63
154   13.818   13.894
155   12.992   12.864
156   12.642   12.502
157   11.618   11.138
158   11.81   11.434
159   10.72   10.186
160   11.108   10.514
161   10.29   9.512
162   10.386   9.734
163   9.93   9.182
164   9.542   8.55
165   9.292   8.354
166   8.738   7.752
167   8.608   7.642
168   8.12   7.034
169   7.352   6.23
170   7.366   6.146
171   7.296   6.136
172   6.99   5.842
173   6.43   5.208
174   6.582   5.312
175   6.25   5.046
176   6.1   4.93
177   5.714   4.536
178   5.778   4.576
179   5.338   4.18
180   5.412   4.224
181   5.306   4.11
182   5.074   3.87
183   4.672   3.512
184   4.158   3.018
185   4.464   3.316
186   4.214   3.066
187   3.976   2.812
188   3.96   2.844
189   3.952   2.822
190   3.748   2.606
191   3.598   2.498
192   3.438   2.35
193   3.224   2.142
194   3.302   2.208
195   2.988   1.93
196   2.986   1.932
197   2.76   1.732
198   2.576   1.554
199   2.46693   1.45691
