0   407.218   1968.35
1   402.87   1916.68
2   397.368   1864.57
3   392.316   1822.79
4   387.242   1773.36
5   380.942   1729.64
6   376.344   1680.67
7   370.892   1645.77
8   365.356   1598.34
9   359.828   1562.25
10   354.798   1527.02
11   348.702   1487.81
12   343.21   1453.2
13   337.512   1409.43
14   332.868   1382.46
15   327.194   1347.74
16   322.848   1319.18
17   317.414   1285.85
18   312.582   1256.14
19   306.826   1224.25
20   302.08   1192.24
21   297.046   1168.82
22   293.306   1140.71
23   287.604   1111.05
24   282.978   1083.46
25   278.992   1056.08
26   273.342   1032.38
27   269.806   1004.3
28   266.708   985.71
29   261.09   962.176
30   257.574   931.774
31   252.712   915.686
32   249.364   895.078
33   245.64   871.888
34   240.294   843.558
35   237.588   830.562
36   234.212   805.248
37   229.914   789.486
38   225.158   769.522
39   223.334   749.21
40   218.904   732.358
41   215.48   714.112
42   211.88   696.214
43   207.368   676.406
44   204.776   658.62
45   200.202   646.402
46   197.614   624.746
47   193.68   613.598
48   190.79   598.062
49   187.54   581.768
50   184.432   566.14
51   181.106   551.432
52   177.458   536.472
53   174.058   523.878
54   171.882   509.03
55   168.01   494.826
56   165.01   483.686
57   162.22   465.91
58   157.966   452.772
59   156.092   443.28
60   152.444   427.296
61   150.762   418.15
62   148.34   406.058
63   144.584   393.236
64   142.456   384.086
65   139.99   376.768
66   136.278   363.216
67   133.448   351.96
68   130.732   341.988
69   128.956   332.9
70   126.352   321.396
71   125.426   316.082
72   120.788   302.114
73   119.528   292.404
74   118.3   286.742
75   115.616   281.018
76   112.892   268.926
77   109.996   257.89
78   109.234   256.394
79   106.506   245.13
80   104.184   239.116
81   100.924   228.408
82   99.074   223.242
83   97.292   217.036
84   94.406   207.058
85   92.402   200.724
86   91.774   198.1
87   87.98   186.276
88   88.676   184.484
89   85.052   176.034
90   82.5   169.822
91   81.718   164.674
92   79.384   159.13
93   78.066   154.358
94   76.574   151.834
95   74.43   144.052
96   72.094   136.46
97   71.48   134.994
98   69.054   128.842
99   67.984   125.294
100   66.54   120.416
101   65.282   119.278
102   63.174   112.446
103   61.316   107.608
104   59.876   103.504
105   58.944   102.084
106   58.054   97.63
107   55.55   93.068
108   54.176   89.624
109   52.922   86.19
110   52.234   85.38
111   50.338   80.284
112   48.228   74.558
113   48.188   74.886
114   46.49   71.456
115   45.422   68.1
116   44.188   66.598
117   42.124   62.61
118   41.674   61.52
119   40.306   58.088
120   39.322   55.406
121   38.424   54.388
122   37.914   52.972
123   36.152   50.42
124   34.944   47.754
125   35.22   47.634
126   32.512   43.664
127   31.414   41.676
128   30.66   39.46
129   30.678   39.214
130   29.522   36.842
131   28.088   35.184
132   27.558   34.542
133   25.924   31.844
134   25.978   30.88
135   24.488   28.938
136   23.452   27.202
137   23.43   27.158
138   22.744   26.176
139   22.334   25.696
140   21.282   23.972
141   20.226   22.634
142   20.004   21.756
143   19.318   20.886
144   18.79   20.418
145   18.148   19.244
146   16.696   17.554
147   16.516   17.01
148   15.986   16.698
149   15.05   15.286
150   15.186   15.406
151   14.63   14.454
152   14.434   14.366
153   13.544   13.188
154   13.054   12.732
155   12.29   11.66
156   12.13   11.292
157   11.57   10.964
158   11.266   10.314
159   10.738   9.838
160   10.25   9.262
161   9.9   8.876
162   9.622   8.522
163   9.376   8.284
164   8.756   7.64
165   8.576   7.472
166   8.274   7.056
167   7.72   6.476
168   7.638   6.454
169   7.634   6.418
170   7.216   5.886
171   6.766   5.538
172   6.894   5.624
173   6.756   5.5
174   6.064   4.806
175   5.972   4.73
176   5.448   4.16
177   5.756   4.526
178   5.612   4.37
179   5.206   3.924
180   4.97   3.79
181   4.988   3.772
182   4.858   3.642
183   4.692   3.518
184   4.718   3.472
185   4.25   3.11
186   4.076   2.912
187   3.986   2.842
188   3.814   2.662
189   3.69   2.556
190   3.802   2.666
191   3.45   2.334
192   3.314   2.202
193   3.398   2.286
194   3.142   2.09
195   3.042   1.964
196   3.058   2.016
197   2.822   1.786
198   2.73   1.696
199   2.54309   1.53908
