0   407.281   1964.64
1   402.572   1913.88
2   397.52   1863.68
3   391.984   1816.21
4   386.426   1769.23
5   381.23   1722.06
6   375.816   1684.26
7   370.462   1639.37
8   364.178   1602.19
9   359.118   1556.84
10   354.484   1529.33
11   348   1487.27
12   342.874   1452.73
13   338.496   1420.71
14   333.106   1385.94
15   328.182   1354.2
16   322.796   1322.34
17   318.804   1292.34
18   313.488   1262.38
19   308.702   1231.31
20   303.444   1203.46
21   298.75   1171.44
22   294.37   1145.04
23   289.11   1118.71
24   284.556   1089.74
25   280.744   1066.17
26   275.604   1039.17
27   271.882   1015.73
28   266.048   990.436
29   263.126   971.208
30   257.91   942.86
31   254.33   918.514
32   250.79   904.452
33   246.546   882.182
34   242.374   858.782
35   238.488   833.486
36   234.84   814.426
37   231.146   798.526
38   227.056   776.12
39   222.75   761.984
40   219.394   735.928
41   215.962   720.274
42   212.508   702.956
43   208.854   687.152
44   204.564   666.744
45   202.336   651.158
46   198.134   634.01
47   196.35   626.236
48   192.464   606.406
49   188.312   591.628
50   186.124   578.502
51   183.24   560.316
52   179.456   546.188
53   176.48   533.676
54   172.726   516.96
55   170.162   501.156
56   167.144   491.436
57   163.946   475.53
58   161.466   466.432
59   158.388   452.108
60   155.984   443.13
61   152.742   427.27
62   149.732   416.914
63   147.32   406.668
64   145.322   399.274
65   142.172   386.188
66   139.508   374.704
67   137.232   362.172
68   135.5   352.97
69   132.454   342.918
70   128.468   328.342
71   126.228   323.936
72   124.194   317.422
73   121.044   302.758
74   119.332   293.658
75   116.716   285.954
76   113.732   279.184
77   111.514   266.348
78   110.588   261.172
79   107.204   250.288
80   106.062   245.358
81   103.954   237.646
82   101.898   231.122
83   98.88   221.394
84   98.104   218.854
85   94.32   207.728
86   93.884   204.528
87   91.19   195.276
88   89.52   191.366
89   86.57   180.89
90   85.258   179.03
91   83.008   170.05
92   81.252   164.204
93   80.732   159.494
94   77.982   156.438
95   75.718   149.558
96   74.54   146.824
97   72.708   140.158
98   70.842   135.524
99   69.6   130.728
100   67.98   126.18
101   66.01   121.73
102   65.106   117.258
103   62.772   113.388
104   61.656   108.252
105   60.786   106.056
106   57.946   100.264
107   56.952   97.32
108   56.634   96.274
109   54.692   92.316
110   52.692   86.628
111   50.828   81.266
112   50.302   80.886
113   48.902   77.006
114   46.502   72.66
115   46.344   70.916
116   44.53   67.79
117   43.34   65.028
118   42.248   62.908
119   40.522   59.524
120   39.848   57.692
121   40.256   56.622
122   38.114   54.136
123   37.068   52.53
124   36.382   51.306
125   34.914   48.056
126   33.654   45.234
127   31.772   41.746
128   31.006   40.592
129   30.978   40.46
130   29.854   37.902
131   28.708   36.152
132   27.606   34.918
133   26.892   33.348
134   26.404   32.402
135   25.524   30.994
136   24.308   28.628
137   23.76   27.526
138   23.23   27.254
139   22.31   25.336
140   21.548   24.188
141   20.726   23.164
142   19.946   22.226
143   18.954   20.61
144   19.042   20.81
145   17.802   19.214
146   17.896   19.028
147   16.63   17.46
148   16.33   16.976
149   16.054   16.752
150   15.388   15.61
151   14.098   13.908
152   13.44   13.036
153   14.01   13.92
154   12.992   12.526
155   12.582   12.028
156   11.998   11.324
157   11.668   11.176
158   11.298   10.652
159   10.958   10.158
160   10.578   9.562
161   9.712   8.646
162   10.088   9.172
163   9.298   8.218
164   9.114   8.11
165   8.942   7.866
166   8.512   7.452
167   8.124   6.95
168   7.752   6.456
169   7.554   6.404
170   6.944   5.674
171   7.46   6.218
172   7.014   5.682
173   6.382   5.068
174   6.406   5.138
175   5.956   4.728
176   6.196   4.934
177   5.956   4.758
178   5.212   4.048
179   5.276   4.09
180   4.916   3.686
181   5.098   3.882
182   4.806   3.584
183   4.64   3.452
184   4.596   3.386
185   4.254   3.08
186   4.292   3.16
187   4.106   2.92
188   3.828   2.682
189   3.792   2.662
190   3.596   2.498
191   3.54   2.402
192   3.408   2.336
193   3.354   2.294
194   3.176   2.108
195   3.034   1.974
196   2.922   1.882
197   2.928   1.884
198   2.62   1.606
199   2.48497   1.47495
