0   406.954   1975.01
1   401.89   1916.33
2   397.402   1869.39
3   391.64   1821.19
4   386.874   1773.71
5   381.302   1729.14
6   376.836   1689.13
7   370.796   1647.67
8   364.692   1604.98
9   359.764   1566.97
10   353.966   1529.09
11   348.722   1488.5
12   343.01   1456.45
13   338.11   1423.64
14   333.328   1382.79
15   328.558   1360.14
16   323.058   1325.77
17   318.898   1292.17
18   313.962   1259.68
19   308.71   1226.79
20   302.57   1201.74
21   298.188   1171.28
22   294.456   1147.98
23   289.482   1114.61
24   284.698   1094.83
25   279.768   1061.46
26   276.096   1039.73
27   271.986   1016.01
28   266.494   990.802
29   264.546   968.242
30   259.178   948.052
31   255.056   920.996
32   251.116   900.942
33   246.792   875.488
34   242.608   856.84
35   239.072   838.266
36   235.38   823.714
37   230.928   790.614
38   226.778   774.462
39   223.184   755.79
40   219.406   738.656
41   215.694   722.444
42   211.752   703.022
43   208.596   682.734
44   204.564   664.38
45   201.096   647.048
46   198.382   636.084
47   195.506   616.108
48   192.144   602.298
49   188.81   585.708
50   185.214   573.044
51   182.83   558.868
52   179.078   545
53   174.262   526.322
54   170.978   509.696
55   168.83   498.25
56   165.574   482.022
57   163.47   472.33
58   159.572   459.188
59   157.278   444.114
60   154.786   433.278
61   151.52   423.862
62   149.432   416.32
63   144.86   398.25
64   142.44   387.116
65   140.826   376.292
66   137.736   364.778
67   135.12   355.656
68   133.106   346.754
69   129.946   337.382
70   127.902   329.07
71   124.572   315.982
72   123.308   306.798
73   120.624   299.196
74   117.986   290.542
75   116.062   284.714
76   113.084   272.612
77   110.96   263.866
78   109.51   257.58
79   106.12   248.83
80   104.356   242.586
81   102.094   232.812
82   99.354   222.378
83   98.238   218.004
84   95.998   208.434
85   94.418   203.846
86   91.856   197.44
87   89.74   190.048
88   88.372   185.678
89   85.676   177.686
90   84.004   172.536
91   82.932   169.91
92   81.028   163.158
93   78.544   155.482
94   77.158   150.446
95   74.818   146.304
96   73.31   140.996
97   71.106   134.706
98   69.806   131.472
99   69.228   129.484
100   67.342   122.284
101   66.28   119.382
102   64.082   115.586
103   62.406   109.144
104   60.818   106.596
105   58.836   102.716
106   57.168   98.354
107   57.336   97.392
108   55.312   92.722
109   53.76   89.422
110   51.786   84.442
111   51.026   80.41
112   49.598   78.916
113   47.8   74.84
114   47.546   74.754
115   44.736   67.624
116   44.25   66.242
117   43.516   66.11
118   42.098   62.478
119   40.414   58.284
120   39.546   56.784
121   38.38   55.004
122   37.01   51.58
123   35.872   48.894
124   35.016   47.74
125   33.632   44.992
126   33.678   44.78
127   31.85   41.89
128   31.43   41.234
129   29.964   38.116
130   29.756   37.204
131   29.266   37.356
132   27.892   34.6
133   26.774   32.974
134   26.206   31.628
135   24.61   29.258
136   23.81   27.718
137   23.152   27.224
138   22.564   25.714
139   21.95   24.836
140   21.78   24.946
141   20.854   22.938
142   18.798   20.706
143   19.032   20.774
144   18.818   20.218
145   17.626   18.768
146   17.528   18.826
147   16.172   16.582
148   16.256   16.972
149   15.394   15.518
150   14.776   14.85
151   14.088   13.976
152   14.082   13.822
153   12.78   12.562
154   13.012   12.558
155   12.112   11.444
156   12.238   11.354
157   11.948   11.33
158   10.976   10.126
159   10.632   9.804
160   10.752   9.946
161   9.486   8.334
162   9.342   8.172
163   9.34   8.34
164   8.958   7.772
165   8.974   7.728
166   8.432   7.286
167   7.88   6.746
168   7.59   6.514
169   7.364   6.044
170   7.11   5.882
171   7.234   6.056
172   6.894   5.654
173   6.4   5.174
174   6.226   5.014
175   5.992   4.72
176   5.96   4.716
177   5.8   4.514
178   5.416   4.196
179   5.378   4.168
180   5.114   3.908
181   4.888   3.79
182   4.758   3.558
183   4.62   3.398
184   4.278   3.088
185   4.166   3.008
186   4.206   3.01
187   4.068   2.912
188   3.954   2.78
189   3.736   2.57
190   3.526   2.414
191   3.574   2.442
192   3.484   2.396
193   3.186   2.1
194   3.358   2.306
195   3.064   2
196   2.91   1.872
197   2.836   1.8
198   2.716   1.696
199   2.46894   1.46493
