0   407.463   1974.19
1   402.436   1922.63
2   398.214   1873.81
3   392.85   1826.74
4   386.89   1774.37
5   382.248   1740.02
6   376.09   1688.16
7   369.7   1647.02
8   364.456   1600.29
9   358.418   1565.6
10   353.672   1524.48
11   348.362   1489.78
12   343.298   1457.03
13   338.478   1420.43
14   332.426   1385.59
15   326.992   1357.35
16   322.638   1322.77
17   317.908   1301.51
18   312.812   1266.15
19   309.004   1233.14
20   303.59   1204.21
21   299.432   1182.42
22   293.42   1154.74
23   288.43   1127.43
24   285.194   1095.51
25   280.638   1069.83
26   277.082   1052.46
27   271.32   1022.33
28   267.382   998.92
29   262.782   976.15
30   258.198   951.762
31   253.316   924.844
32   250.184   906.632
33   246.642   887.446
34   241.86   863.854
35   239.452   840.434
36   234.254   822.62
37   229.974   805.08
38   226.218   785.96
39   224.168   763.42
40   219.296   741.792
41   214.776   731.492
42   213.772   712.776
43   209.04   692.626
44   206.838   678.396
45   201.312   659.65
46   198.394   641.738
47   195.022   624.594
48   191.724   604.484
49   188.314   592.246
50   185.1   574.434
51   182.068   561.972
52   177.704   549.64
53   175.67   532.876
54   171.64   519.106
55   167.858   501.166
56   165.828   491.696
57   163.004   477.868
58   159.91   462.298
59   158.104   452.772
60   154.718   442.102
61   151.612   425.892
62   148.66   417.208
63   146.802   406.328
64   143.826   392.602
65   141.836   383.248
66   138.29   373.882
67   136.664   364.156
68   132.658   350.758
69   131.034   342.54
70   127.598   331.65
71   126.316   323.472
72   124.32   316.29
73   121.582   307.082
74   118.97   297.044
75   115.516   282.612
76   114.63   277.4
77   112.23   272.858
78   110.218   265.518
79   107.37   251.962
80   105.852   248.152
81   102.412   235.748
82   101.334   232.334
83   99.124   223.914
84   97.402   217.746
85   94.872   210.348
86   92.924   206.364
87   91.138   199.076
88   88.222   190.786
89   87.02   184.162
90   84.26   175.724
91   84.156   174.334
92   81.392   167.338
93   79.222   160.864
94   78.408   157.37
95   76.106   151.108
96   73.774   146.124
97   72.576   140.188
98   71.494   137.428
99   69.35   132.696
100   68.188   128.35
101   64.678   120.592
102   64.492   116.47
103   63.124   115.408
104   61.264   108.832
105   60.626   107.562
106   58.072   101.136
107   56.808   97.806
108   56.024   95.746
109   54.478   91.588
110   52.9   88.922
111   52.378   86.412
112   49.932   80.238
113   49.146   77.754
114   48.028   77.572
115   46.276   72.122
116   44.962   69.342
117   44.724   68.982
118   42.904   64.216
119   41.576   61.66
120   40.658   59.46
121   39.698   57.284
122   38.242   54.618
123   36.472   52.03
124   36.114   50.804
125   34.188   47.632
126   33.744   45.974
127   33.158   43.886
128   31.55   41.88
129   31.132   41.09
130   29.092   37.362
131   28.746   36.866
132   28.668   36.316
133   27.502   34.224
134   26.01   32.262
135   25.142   30.088
136   24.734   29.406
137   24.13   29.354
138   23.254   26.934
139   22.604   26.58
140   21.34   24.52
141   20.424   23.106
142   20.3   23.004
143   19.486   21.648
144   18.856   21.352
145   17.832   19.278
146   17.284   18.392
147   17.188   18.224
148   16.666   17.638
149   15.554   16.21
150   15.348   15.694
151   14.428   14.75
152   14.194   14.158
153   13.732   13.622
154   13.194   13.01
155   12.726   12.526
156   12.39   12.026
157   11.514   11.184
158   10.974   10.196
159   10.778   9.76
160   10.56   9.824
161   10.684   9.866
162   9.604   8.566
163   9.59   8.778
164   8.778   7.614
165   8.596   7.584
166   8.564   7.452
167   7.864   6.73
168   7.744   6.748
169   7.228   6.008
170   6.954   5.884
171   7.024   5.8
172   7.028   5.74
173   6.436   5.204
174   6.102   4.852
175   5.838   4.616
176   5.954   4.752
177   5.714   4.494
178   5.516   4.31
179   5.264   3.986
180   5.016   3.752
181   4.904   3.706
182   4.762   3.572
183   4.52   3.356
184   4.418   3.242
185   4.268   3.1
186   4.132   2.954
187   3.988   2.802
188   3.68   2.53
189   3.834   2.712
190   3.6   2.47
191   3.562   2.444
192   3.438   2.364
193   3.306   2.21
194   3.304   2.224
195   2.892   1.822
196   2.934   1.88
197   2.776   1.742
198   2.62   1.604
199   2.42485   1.42084
