0   408.078   1999.01
1   403.412   1946.91
2   398.564   1899.37
3   393.424   1856.99
4   388.144   1812.72
5   382.9   1763.08
6   377.494   1721.98
7   371.426   1684.13
8   366.456   1640.99
9   361.34   1607.87
10   356.602   1571.46
11   350.982   1541.68
12   345.676   1501.53
13   341.766   1472.97
14   336.044   1436.92
15   331.232   1402.39
16   325.672   1372.58
17   321.062   1342.02
18   315.986   1312.29
19   311.768   1286.67
20   306.508   1245.73
21   301.664   1223.93
22   297.11   1188.12
23   292.278   1163.19
24   288.008   1137.54
25   283.636   1113.05
26   278.594   1082.09
27   274.46   1055.68
28   269.7   1033.01
29   265.57   1006.93
30   261.154   987.216
31   258.512   967.858
32   253.168   945.894
33   248.912   921.128
34   244.814   896.814
35   241.23   879.718
36   237.828   860.29
37   233.342   837.964
38   230.238   819.042
39   225.564   796.784
40   222.774   776.958
41   218.744   758.548
42   215.47   738.952
43   210.594   720.836
44   206.968   703.224
45   204.168   684.274
46   199.766   667.86
47   196.648   650.9
48   193.75   634.584
49   190.7   618.554
50   186.998   604.496
51   183.514   585.822
52   181.438   575.638
53   179.086   561.752
54   175.844   545.744
55   171.722   526.046
56   169.382   522.792
57   166.306   504.32
58   163.734   498.17
59   160.768   480.698
60   157.208   462.72
61   153.786   452.822
62   151.458   436.878
63   148.196   427.3
64   145.564   416.624
65   143.298   409.182
66   141.172   394.854
67   138.87   385.528
68   135.576   373.306
69   133.026   364.69
70   130.816   353.82
71   127.918   342.548
72   126.2   333.342
73   123.536   325.096
74   121.062   316.812
75   119.358   306.756
76   116.952   299.196
77   113.288   285
78   111.568   279.82
79   109.874   274.074
80   107.18   262.426
81   105.99   256.936
82   103.464   246.94
83   100.27   238.252
84   99.508   232.086
85   97.988   229.77
86   95.462   222.108
87   93.944   217.024
88   91.812   212.038
89   89.534   200.366
90   87.254   190.628
91   85.364   184.6
92   84.056   181.69
93   83.072   178.718
94   82.044   174.312
95   79.44   165.948
96   77.62   163.658
97   75.008   153.016
98   74.734   152.25
99   72.74   144.672
100   70.238   138.536
101   69.262   135.176
102   66.17   127.458
103   65.842   126.326
104   64.796   122.32
105   61.968   115.424
106   61.798   115.132
107   57.908   104.214
108   58.71   104.8
109   57.0978   101.914
110   55.3026   96.4208
111   54.006   93.892
112   52.384   89.294
113   50.808   85.9
114   49.466   83.312
115   48.412   79.742
116   47.328   77.206
117   45.586   72.74
118   44.594   71.07
119   43.144   68.528
120   41.766   64.962
121   41.062   63.012
122   40.064   60.856
123   39.01   58.704
124   38.958   58.268
125   37.094   54.094
126   35.762   50.89
127   34.672   49.16
128   33.06   46.154
129   32.944   45.174
130   31.778   43.052
131   30.67   41.308
132   29.444   39.568
133   28.578   37.34
134   28.002   36.312
135   27.238   34.924
136   26.92   33.944
137   25.628   32.536
138   24.51   29.892
139   23.958   29.71
140   22.716   27.298
141   21.556   25.108
142   21.306   25.154
143   21.052   24.428
144   20.194   23.218
145   19.014   20.996
146   18.696   20.91
147   17.852   19.952
148   17.788   19.756
149   16.864   18.338
150   15.77   16.878
151   15.334   16.012
152   15.298   16.078
153   14.072   14.574
154   14.648   15.12
155   13.296   13.2
156   12.75   12.824
157   12.608   12.558
158   12.048   11.618
159   11.228   10.592
160   11.404   11.05
161   10.842   10.11
162   10.24   9.49
163   10.14   9.392
164   9.548   8.688
165   9.062   8.21
166   8.668   7.796
167   8.434   7.316
168   7.976   6.954
169   7.878   6.87
170   8.06   7.006
171   7.366   6.218
172   7.058   5.96
173   6.718   5.592
174   6.49   5.4
175   6.534   5.378
176   6.066   5.002
177   5.986   4.788
178   5.836   4.71
179   5.56   4.33
180   5.278   4.104
181   5.296   4.04
182   5.102   3.88
183   4.478   3.278
184   4.638   3.478
185   4.472   3.31
186   4.388   3.29
187   3.994   2.88
188   4.19   3.044
189   3.832   2.7
190   3.624   2.51
191   3.562   2.486
192   3.304   2.196
193   3.242   2.132
194   3.21   2.134
195   3.032   1.974
196   2.784   1.756
197   2.842   1.788
198   2.682   1.676
199   2.42886   1.42485
