0   407.579   1986.81
1   402.97   1929.96
2   398.334   1882.19
3   392.672   1838.99
4   387.356   1790.73
5   381.918   1737.5
6   376.516   1693.94
7   371.124   1661.22
8   365.288   1613.85
9   360.644   1583.09
10   354.81   1544.63
11   349.902   1512.6
12   344.468   1475.98
13   339.182   1443.61
14   334.696   1412.56
15   330.14   1381.44
16   324.512   1348.38
17   320.706   1318.66
18   315.03   1286.67
19   310.134   1257.6
20   305.39   1222.38
21   300.35   1202.62
22   295.8   1170.92
23   291.3   1144.21
24   286.482   1115.84
25   281.448   1088.49
26   278.05   1060.11
27   273.052   1039.93
28   268.848   1012.65
29   264.336   986.976
30   259.78   965.398
31   254.774   938.194
32   251.248   919.002
33   247.936   896.012
34   243.63   871.52
35   239.428   862.386
36   234.632   829.794
37   231.008   814.198
38   228.878   797.548
39   223.58   775.66
40   220.714   760.344
41   217.612   736.192
42   213.564   722.318
43   209.782   698.646
44   205.636   683.946
45   203.562   667.126
46   199.488   652.984
47   196.624   631.882
48   193.078   618.01
49   189.746   605.634
50   186.342   584.572
51   182.932   569.946
52   179.404   553.966
53   176.87   546.538
54   172.922   528.18
55   171.402   519.768
56   167.502   503.052
57   165.418   487.424
58   162.254   480.03
59   159.842   468.026
60   156.78   451.166
61   153.11   437.412
62   150.606   428.068
63   146.932   416.382
64   146.438   408.106
65   142.518   393.196
66   140.206   384.79
67   137.216   372.326
68   134.686   360.058
69   133.71   356.62
70   130.122   340.848
71   127.612   331.752
72   125.016   322.326
73   122.132   312.468
74   120.076   303.864
75   118.418   295.958
76   115.85   285.244
77   112.96   277.876
78   110.818   269.708
79   108.754   262.55
80   107.506   254.478
81   103.264   243.748
82   101.88   234.948
83   100.088   229.488
84   97.288   220.76
85   95.658   215.33
86   94.786   213.036
87   91.932   202.066
88   89.808   197.238
89   88.494   192.308
90   86.044   183.35
91   84.888   179.518
92   82.688   172.62
93   81.002   167.41
94   79.38   161.876
95   77.018   156.956
96   76.352   151.842
97   74.166   146.65
98   71.336   139.722
99   70.756   138.15
100   68.594   130.092
101   67.136   124.716
102   65.17   122.928
103   63.616   116.642
104   62.736   113.168
105   60.116   107.05
106   59.344   105.366
107   59.006   104.9
108   56.97   99.07
109   55.304   96.228
110   53.992   91.526
111   52.212   86.778
112   51.806   87.182
113   50.688   84.054
114   48.446   77.308
115   46.85   74.786
116   46.24   71.816
117   44.378   68.608
118   43.31   66.476
119   42.636   65.216
120   41.17   61.524
121   40.366   59.934
122   39.014   56
123   37.934   53.718
124   36.356   51.37
125   35.884   50.688
126   35.228   48.854
127   33.626   45.916
128   32.756   44.46
129   32.094   42.052
130   30.746   40.806
131   30.152   39.382
132   29.412   38.17
133   28.428   36.696
134   26.772   33.478
135   26.16   32.642
136   26.242   32.76
137   25.002   29.954
138   23.582   28.2
139   22.99   27.034
140   22.482   25.934
141   21.988   25.362
142   20.792   23.696
143   20.276   22.662
144   19.016   21.18
145   18.61   20.352
146   18.792   20.612
147   17.164   18.332
148   16.968   17.802
149   16.72   17.744
150   15.374   15.858
151   14.918   15.288
152   14.652   14.92
153   13.914   13.966
154   13.822   13.892
155   13.33   13.268
156   13.006   12.808
157   12.404   11.932
158   12.024   11.558
159   11.218   10.632
160   11.196   10.374
161   10.494   9.576
162   9.93   9.138
163   9.432   8.32
164   9.672   8.706
165   8.756   7.748
166   8.846   7.78
167   8.522   7.396
168   7.916   6.738
169   7.848   6.702
170   7.526   6.324
171   7.18   5.954
172   6.768   5.56
173   6.934   5.826
174   6.49   5.142
175   6.198   4.882
176   5.884   4.658
177   5.736   4.562
178   5.514   4.25
179   5.498   4.244
180   5.06   3.826
181   4.96   3.788
182   4.694   3.56
183   4.426   3.274
184   4.488   3.282
185   4.528   3.306
186   4.366   3.178
187   4.046   2.898
188   3.814   2.66
189   3.848   2.71
190   3.514   2.394
191   3.462   2.38
192   3.436   2.326
193   3.278   2.24
194   3.156   2.096
195   2.9   1.842
196   2.938   1.876
197   2.764   1.734
198   2.812   1.786
199   2.45892   1.45491
