0   407.579   1971.06
1   402.658   1922.24
2   397.672   1873.89
3   392.218   1828.33
4   387.284   1782.16
5   381.788   1740.96
6   376.556   1700.57
7   371.388   1661.21
8   365.848   1615.36
9   361.04   1578.48
10   355.318   1539.87
11   349.442   1500.62
12   343.812   1464.52
13   339.278   1427.8
14   333.748   1402.16
15   328.484   1363.62
16   323.386   1333.42
17   319.494   1306.11
18   313.492   1278.47
19   309.106   1244.7
20   304.256   1219.27
21   299.7   1187.45
22   294.754   1157.03
23   290.618   1135.35
24   286.294   1109.27
25   281.972   1082.84
26   278.562   1059.75
27   273.064   1033.36
28   268.742   1003.45
29   264.394   983.694
30   260.336   959.378
31   256.044   939.018
32   251.964   915.724
33   248.364   892.704
34   243.468   871.808
35   240.48   851.436
36   236.166   832.454
37   232.222   812.128
38   228.242   794.27
39   225.124   771.558
40   220.724   758.442
41   217.324   733.61
42   213.916   717.536
43   209.198   697.498
44   206.968   684.486
45   202.862   667.036
46   199.398   650.69
47   196.268   633.888
48   193.118   617.53
49   189.078   598.11
50   185.93   581.566
51   182.646   567.768
52   179.822   554.408
53   177.42   540.592
54   173.63   524.624
55   171.964   515.08
56   168.934   505.502
57   165.412   490.994
58   162.038   473.49
59   159.972   464.972
60   156.81   450.503
61   152.652   434.108
62   151.316   429.428
63   148.216   412.814
64   145.13   403.97
65   142.422   389.516
66   139.526   380.072
67   138.002   369.986
68   134.778   362.536
69   132.406   353.124
70   128.92   339.384
71   127.08   327.472
72   125.236   318.234
73   121.912   311.81
74   120.132   303.518
75   117.162   294.074
76   114.334   285.676
77   113.424   279.242
78   111.272   270.702
79   109.104   260.702
80   106.538   251.922
81   104.908   245.288
82   102.748   238.956
83   100.744   232.686
84   98.226   223.918
85   96.412   217.71
86   94.758   211.398
87   92.372   200.728
88   89.3892   195.605
89   88.1844   189.92
90   87.1   184.22
91   85.63   179.2
92   83.016   173.442
93   81.464   167.728
94   80.238   164.094
95   76.552   152.306
96   75.92   151.072
97   74.462   145.88
98   71.852   139.03
99   70.436   134.644
100   68.33   127.972
101   66.834   123.918
102   65.892   121.7
103   63.326   116.714
104   62.836   113.232
105   60.942   108.752
106   59.214   103.566
107   57.122   99.336
108   56.276   97.482
109   54.344   91.798
110   53.354   89.098
111   52.078   85.08
112   51.024   82.742
113   49.632   80.302
114   48.688   78.39
115   47.56   75.804
116   46.122   71.582
117   44.018   68.298
118   43.404   66.064
119   41.354   61.672
120   40.748   60.114
121   39.114   56.574
122   38.456   55.762
123   37.164   52.444
124   36.782   52.402
125   35.346   49.622
126   34.532   47.87
127   33.522   45.758
128   32.76   43.778
129   30.978   41.334
130   30.696   39.97
131   29.622   38.528
132   27.974   36.178
133   27.01   33.596
134   26.826   33.352
135   25.768   31.788
136   25.128   30.464
137   24.61   29.518
138   23.014   27.546
139   22.908   26.798
140   22.37   25.68
141   21.042   24.02
142   20.732   23.67
143   20.202   22.902
144   19.342   21.352
145   18.428   20.164
146   17.992   19.976
147   17.56   19.03
148   17.17   18.372
149   16.314   17.018
150   15.544   15.916
151   15.01   15.49
152   14.368   14.636
153   14.142   14.144
154   13.628   13.508
155   12.93   12.608
156   12.286   11.626
157   12.274   11.866
158   11.658   11.144
159   11.034   10.24
160   10.358   9.646
161   9.996   9.192
162   10.032   9.16
163   9.17   7.988
164   9.254   8.382
165   9.372   8.248
166   8.8   7.822
167   8.134   7.028
168   8.152   7.122
169   7.588   6.356
170   7.52   6.338
171   6.96   5.714
172   7.004   5.764
173   6.524   5.242
174   6.022   4.888
175   6.052   4.81
176   5.858   4.574
177   5.694   4.454
178   5.4   4.176
179   5.188   3.96
180   5.152   3.938
181   5.178   3.938
182   5.064   3.838
183   5   3.776
184   4.548   3.386
185   4.412   3.224
186   4.328   3.17
187   4.096   2.952
188   3.834   2.706
189   3.954   2.802
190   3.738   2.644
191   3.662   2.55
192   3.576   2.49
193   3.272   2.194
194   3.186   2.114
195   2.936   1.87
196   2.824   1.786
197   2.752   1.726
198   2.69   1.672
199   2.42285   1.41483
