0   407.679   1993.26
1   402.756   1941.16
2   397.322   1883.85
3   391.696   1836.66
4   387.132   1786.85
5   381.65   1753.39
6   375.944   1698.13
7   370.23   1661.78
8   365.108   1630.36
9   360.148   1587.31
10   353.272   1546.52
11   348.178   1513.39
12   343.146   1480
13   337.848   1441.16
14   332.178   1405.39
15   327.268   1374.06
16   322.17   1345.39
17   318.32   1315.53
18   312.38   1282.27
19   307.134   1257.12
20   302.224   1224.57
21   298.202   1192.24
22   294.472   1164.17
23   290.01   1144.42
24   284.402   1111.53
25   279.774   1084.9
26   275.106   1063.88
27   270.81   1038.12
28   266.374   1015.62
29   263.404   989.834
30   258.356   967.508
31   255.046   946.534
32   250.798   925.21
33   246.408   906.282
34   243.262   881.412
35   238.028   855.662
36   234.976   835.212
37   231.568   816.11
38   227.162   794.422
39   223.584   782.046
40   219.938   757.504
41   216.572   743.588
42   212.936   719.916
43   209.416   706.64
44   204.962   684.978
45   202.13   673.896
46   197.63   652.166
47   194.086   627.796
48   191.128   619.716
49   187.99   602.068
50   185.69   589.944
51   181.864   570.87
52   177.688   556.842
53   175.522   541.03
54   173.06   530.51
55   170.06   517.866
56   166.69   501.384
57   163.84   492.85
58   161.12   474.69
59   158.56   464.49
60   154.674   454.422
61   152.02   439.392
62   150.146   427.872
63   146.4   414.306
64   144.242   406.054
65   140.944   394.758
66   139.128   380.42
67   137.206   375.794
68   134.088   362.206
69   131.91   352.592
70   129.5   342.352
71   126.158   333.682
72   124.69   323.122
73   121.38   314.968
74   118.914   302.548
75   116.828   296.3
76   113.98   286.582
77   112.848   277.966
78   110.424   272.142
79   107.344   262.544
80   105.91   256.056
81   103.118   244.82
82   101.944   242.112
83   99.438   231.212
84   96.6   223.37
85   95.32   218.69
86   92.768   207.366
87   92.02   202.81
88   90.328   201.344
89   88.392   190.548
90   85.996   185.162
91   85.184   184.062
92   82.476   175.324
93   81.442   170.488
94   80.346   165.664
95   77.602   159.202
96   76.398   154.538
97   73.704   148.254
98   72.346   145.026
99   70.944   137.776
100   68.91   132.812
101   67.384   128.964
102   66.294   124.332
103   64.162   119.912
104   62.324   114.994
105   61.122   111.546
106   60.694   109.512
107   57.774   102.556
108   56.768   100.978
109   54.838   96.51
110   53.542   91.188
111   53.346   89.288
112   50.588   85.72
113   49.77   81.452
114   48.372   79.242
115   47.764   76.594
116   46.354   73.57
117   44.566   70.202
118   43.64   67.684
119   43.37   65.934
120   42.208   63.74
121   40.682   61.368
122   39.59   59.228
123   38.326   56.316
124   36.268   53.476
125   36.01   52.002
126   35.322   49.748
127   34.926   48.948
128   32.404   44.198
129   32.328   44.632
130   31.344   41.808
131   29.964   40.548
132   29.382   38.288
133   27.852   36.692
134   27.354   35.034
135   26.66   33.952
136   25.474   31.078
137   25.25   30.78
138   24.222   29.282
139   23.39   27.77
140   22.412   26.762
141   22.334   26.244
142   20.684   23.792
143   20.89   24.134
144   19.55   22.142
145   19.054   21.386
146   18.172   19.954
147   17.86   19.594
148   17.304   18.768
149   15.93   16.91
150   15.758   16.34
151   14.99   15.548
152   14.878   15.328
153   14.426   14.67
154   13.96   14.098
155   12.69   12.526
156   12.706   12.512
157   12.284   11.966
158   11.93   11.468
159   12.074   11.728
160   10.492   9.622
161   10.66   10.018
162   10.414   9.77
163   9.82   8.97
164   9.136   8.17
165   9.144   8.258
166   8.334   7.5
167   8.198   7.12
168   8.142   6.992
169   7.918   6.79
170   7.38   6.228
171   7.348   6.152
172   6.95   5.88
173   6.79   5.614
174   6.606   5.398
175   6.556   5.328
176   6.094   4.878
177   5.874   4.732
178   5.6   4.354
179   5.47   4.242
180   5.316   4.14
181   4.976   3.776
182   4.744   3.52
183   4.658   3.52
184   4.682   3.47
185   4.286   3.136
186   4.218   3.088
187   4.03   2.902
188   3.844   2.748
189   3.738   2.562
190   3.82   2.68
191   3.37   2.284
192   3.29   2.194
193   3.156   2.058
194   3.222   2.152
195   3.074   2.032
196   2.842   1.796
197   2.84   1.806
198   2.75   1.718
199   2.4008   1.39679
