0   407.395   1974.6
1   402.736   1926.98
2   397.39   1878.25
3   392.438   1826.57
4   386.762   1781
5   381.164   1738.32
6   375.47   1694.41
7   370.01   1649.68
8   363.724   1610.21
9   358.57   1570.11
10   353.758   1533.06
11   348.026   1503.3
12   343.302   1462.44
13   338.434   1429.16
14   332.766   1392.55
15   327.76   1363.12
16   322.852   1327.86
17   317.894   1295.64
18   312.878   1261.97
19   308.068   1235.32
20   302.563   1207.9
21   298.124   1185.7
22   293.598   1151.91
23   288.576   1120.57
24   283.366   1097.88
25   280.446   1069.36
26   274.688   1045.15
27   270.046   1018.1
28   266.816   994.418
29   261.92   965.844
30   257.624   946.098
31   253.372   921.64
32   248.918   901.046
33   245.368   882.246
34   242.36   860.634
35   238.03   844.492
36   234.258   822.362
37   230.648   802.266
38   226.806   784.15
39   223.052   769.116
40   220.988   749.81
41   216.398   729.698
42   213.206   709.572
43   209.214   694.222
44   205.732   680.368
45   202.886   663.264
46   198.684   644.158
47   196.624   632.784
48   192.586   617.826
49   188.91   596.124
50   186.992   580.084
51   182.836   567.818
52   179.63   551.962
53   177.15   537.448
54   174.306   520.758
55   170.734   510.812
56   167.804   497.02
57   165.78   484.654
58   161.882   473.856
59   159.02   457.592
60   156.198   448.134
61   152.628   433.236
62   150.462   416.54
63   147.444   408.32
64   144.042   397.128
65   141.854   386.494
66   138.29   372.092
67   136.464   363.482
68   133.574   354.67
69   131.562   343.504
70   128.586   335.2
71   127.096   325.036
72   124.052   317.736
73   122.46   308.338
74   118.56   300.156
75   116.788   286.618
76   115.618   281.764
77   112.074   273.466
78   110.008   261.704
79   107.678   256.726
80   105.836   247.39
81   103.552   238.868
82   101.334   233.498
83   100.166   228.832
84   98.422   223.848
85   95.838   212.62
86   93.158   204.028
87   90.57   197.204
88   89.688   193.498
89   88.106   187.638
90   85.652   181.12
91   83.84   173.652
92   81.098   167.55
93   80.434   163.17
94   78.434   157.088
95   75.608   149.664
96   74.71   147.728
97   73.06   140.248
98   71.15   137.574
99   70.958   135.95
100   68.276   127.832
101   66.092   120.864
102   64.836   116.226
103   62.508   114.362
104   62.342   112.018
105   60.746   108.112
106   58.68   101.936
107   57.714   98.028
108   56.814   95.962
109   54.984   93.072
110   53.154   88.098
111   52.048   85.81
112   51.266   82.724
113   49.272   78.928
114   47.782   76.56
115   46.972   72.84
116   44.862   69.134
117   44.508   68.322
118   43.334   65.088
119   41.68   61.42
120   41.058   60.164
121   40.25   57.978
122   38.138   54.558
123   37.934   53.448
124   36.318   50.78
125   34.892   48.198
126   34.154   45.87
127   32.994   43.992
128   32.074   42.764
129   31.276   41.194
130   30.13   38.894
131   29.476   37.898
132   29.042   36.998
133   27.488   34.52
134   26.712   33.534
135   26.602   32.608
136   24.846   30.098
137   24.13   28.774
138   23.65   27.832
139   22.774   26.442
140   22.008   25.028
141   21.38   24.312
142   20.704   22.864
143   20.04   22.376
144   19   20.978
145   17.986   19.312
146   17.446   18.438
147   16.692   17.672
148   16.436   17.298
149   16.024   16.762
150   15.086   15.304
151   14.5   14.688
152   13.93   13.844
153   13.752   13.622
154   12.924   12.412
155   12.748   12.362
156   12.438   11.95
157   11.982   11.348
158   12.21   11.376
159   11.728   10.92
160   11.034   10.316
161   9.666   8.724
162   9.994   9.096
163   9.634   8.62
164   9.02   7.992
165   9.2   8.094
166   8.274   7.058
167   8.268   7.16
168   8.054   6.786
169   8.136   7.022
170   7.258   6.082
171   7.178   6.062
172   7.144   5.932
173   6.834   5.574
174   6.124   4.95
175   6.358   5.126
176   5.778   4.596
177   6.034   4.764
178   5.622   4.346
179   5.66   4.516
180   5.02   3.828
181   4.838   3.68
182   5.186   3.952
183   4.614   3.43
184   4.436   3.254
185   4.51   3.272
186   4.028   2.852
187   4.238   3.05
188   3.936   2.78
189   3.826   2.698
190   3.626   2.546
191   3.546   2.444
192   3.342   2.25
193   3.41   2.312
194   3.08   2.022
195   3.072   2.006
196   2.896   1.844
197   2.858   1.818
198   2.784   1.762
199   2.499   1.48297
