0   407.856   1990.73
1   403.28   1941.86
2   398.242   1892.34
3   392.54   1838.35
4   387.042   1788.62
5   381.902   1750.95
6   375.964   1711.47
7   371.086   1662.18
8   366.016   1625.79
9   360.308   1592.48
10   354.568   1549.47
11   349.426   1522.89
12   344.172   1476.59
13   339.536   1447.62
14   334.45   1403.36
15   328.566   1376.32
16   323.752   1343.83
17   319.284   1311.82
18   313.214   1280.36
19   308.536   1252.42
20   303.154   1218.66
21   299.058   1193.72
22   293.594   1166.01
23   289.788   1140.29
24   284.686   1112.1
25   280.614   1086.19
26   275.536   1060.2
27   270.604   1033.03
28   267.066   1006.73
29   262.876   982.196
30   258.182   961.988
31   253.65   930.384
32   249.996   914.634
33   245.028   890.574
34   241.472   867.826
35   237.318   843.724
36   233.718   825.226
37   230.552   807.87
38   225.88   789.032
39   222.674   772.18
40   219.146   754.062
41   214.94   726.734
42   211.154   715.794
43   207.952   691.712
44   204.368   676.336
45   200.77   660.818
46   197.874   640.642
47   195.19   630.254
48   190.948   612.486
49   188.208   604.18
50   184.41   584.814
51   181.8   566.582
52   178.578   550.92
53   175.728   535.98
54   171.728   519.696
55   168.204   504.93
56   166.164   496.39
57   163.67   482.82
58   160.406   471.604
59   156.872   455.32
60   154.636   443.796
61   152.566   432.196
62   148.876   423.092
63   145.864   408.94
64   143.168   399.354
65   140.354   388.866
66   137.976   377.01
67   135.67   363.666
68   133.54   355.048
69   130.37   345.306
70   129.55   340.808
71   125.82   328.358
72   123.8   318.436
73   121.062   307.222
74   119   301.512
75   116.472   290.932
76   113.744   279.498
77   110.666   271.71
78   109.658   266.526
79   107.328   257.284
80   104.546   248.88
81   103.284   240.886
82   99.918   231.936
83   99.036   227.482
84   97.298   221.36
85   94.382   212.292
86   93.518   207.782
87   90.8   198.108
88   88.83   192.862
89   87.002   188.086
90   85.11   182.228
91   83.138   174.714
92   82.136   170.99
93   80.022   166.514
94   77.618   158.97
95   75.76   152.18
96   74.462   149.202
97   72.772   144.472
98   71.778   138.886
99   69.58   131.444
100   67.104   128.032
101   65.992   123.946
102   65.216   120.45
103   63.328   116.26
104   62.334   113.014
105   59.912   106.058
106   58.732   103.664
107   57.422   99.814
108   56.568   97.68
109   54.836   93.446
110   53.728   89.778
111   52.078   85.48
112   50.468   83.832
113   49.924   80.712
114   48.14   78.394
115   46.722   75.166
116   46.45   73.234
117   44.292   68.106
118   43.556   67.146
119   41.666   62.436
120   40.44   59.782
121   39.566   58.216
122   38.69   56.208
123   37.934   54.054
124   36.796   51.996
125   35.712   50.868
126   33.86   46.788
127   33.542   45.89
128   31.706   42.512
129   31.404   42.12
130   29.504   39.062
131   29.488   38.502
132   28.85   37.192
133   27.99   35.576
134   26.094   32.72
135   25.982   31.884
136   25.164   31.306
137   24.334   28.786
138   23.29   27.43
139   22.988   27.462
140   22.406   26.222
141   21.646   25.322
142   20.514   23.392
143   19.708   22.29
144   19.352   21.458
145   17.858   19.474
146   18.1   19.968
147   17.57   18.998
148   16.542   17.514
149   15.408   15.988
150   15.482   16.33
151   14.908   15.504
152   14.14   14.274
153   13.44   13.426
154   13.462   13.294
155   13.174   12.998
156   12.866   12.494
157   11.682   11.056
158   11.064   10.514
159   11.272   10.624
160   10.662   9.908
161   10.466   9.72
162   9.868   8.886
163   9.376   8.424
164   9.07   7.986
165   8.514   7.468
166   8.342   7.24
167   8.296   7.126
168   7.788   6.656
169   7.104   5.9
170   7.32   6.16
171   7.438   6.29
172   6.64   5.498
173   6.288   5.078
174   6.208   4.942
175   6.132   4.94
176   6.138   4.842
177   5.944   4.742
178   5.332   4.172
179   5.49   4.264
180   5.44   4.204
181   5.042   3.792
182   4.75   3.556
183   4.606   3.418
184   4.544   3.404
185   4.242   3.11
186   4.194   3.076
187   4.218   3.066
188   4.086   2.94
189   3.87   2.666
190   3.616   2.492
191   3.514   2.41
192   3.572   2.498
193   3.446   2.362
194   3.052   1.98
195   3.008   1.958
196   2.98   1.912
197   2.752   1.722
198   2.616   1.592
199   2.499   1.48096
