0   407.619   1962.95
1   402.438   1916.5
2   397.976   1867.03
3   392.674   1816.67
4   387.046   1767.42
5   381.612   1724.62
6   375.628   1680.22
7   370.784   1647.08
8   365.246   1607.17
9   359.908   1566.64
10   353.698   1532.47
11   348.988   1493
12   343.416   1463.57
13   337.492   1426.27
14   332.812   1391.75
15   327.618   1354.81
16   322.498   1323.43
17   317.73   1290.27
18   312.014   1265.03
19   307.926   1233.44
20   303.8   1208.2
21   298.326   1176.29
22   293.618   1156.83
23   289.338   1119.34
24   284.246   1094.1
25   280.886   1068.74
26   276.298   1043.58
27   271.42   1022.24
28   267.66   1001.54
29   263.182   975.43
30   258.49   946.46
31   254.234   929.454
32   250.698   903.078
33   246.952   880.338
34   241.75   862.374
35   237.084   840.458
36   234.578   817.066
37   230.264   798.826
38   226.394   782.934
39   222.044   763.036
40   219.846   742.19
41   214.724   720.744
42   211.668   710.98
43   208.466   687.03
44   204.374   674.25
45   201.582   655.02
46   197.916   638.232
47   194.872   623.654
48   191.7   610.602
49   188.51   596.51
50   184.814   577.896
51   181.786   562.154
52   178.96   550.902
53   176.346   538.192
54   172.892   524.684
55   170.18   513.434
56   167.458   496.046
57   163.648   486.456
58   161.73   464.97
59   159.62   461.434
60   155.476   443.556
61   152.312   434.258
62   149.312   417.97
63   146.512   410.36
64   144.814   398.196
65   140.824   383.086
66   138.98   374.934
67   136.532   369.606
68   133.574   355.142
69   130.976   350.366
70   128.096   336.978
71   125.402   323.938
72   123.636   316.464
73   121.464   305.938
74   119.148   296.68
75   116.394   290.686
76   114.936   283.322
77   111.506   272.95
78   110.558   267.8
79   107.17   256.044
80   105.38   249.614
81   103.608   240.216
82   101.222   232.576
83   100.516   226.486
84   97.138   219.284
85   96.512   215.93
86   92.988   206.304
87   91.002   199.388
88   88.702   191.348
89   86.72   186.696
90   84.912   179.04
91   83.702   175.088
92   82.302   172.168
93   80.798   164.946
94   77.328   155.334
95   77.12   153.862
96   74.57   147.626
97   73.514   144.412
98   71.154   139.074
99   69.518   130.81
100   67.534   127.968
101   65.934   122.472
102   64.416   118.51
103   63.44   115.054
104   61.324   109.992
105   60.55   108.97
106   58.646   104.03
107   56.962   97.856
108   55.89   95.142
109   53.406   89.912
110   53.572   88.364
111   51.196   84.91
112   50.13   81.764
113   49.19   79.01
114   47.124   75.09
115   46.79   72.328
116   44.516   69.29
117   44.222   68.03
118   43.512   65.856
119   42.554   63.364
120   40.284   59.812
121   40.16   58.59
122   39.266   57.116
123   38.46   54.51
124   35.806   50.268
125   35.626   50.338
126   34.074   46.638
127   33.34   44.606
128   31.5   42.478
129   30.78   40.79
130   30.486   40.188
131   29.436   37.65
132   28.52   36.716
133   27.18   33.916
134   26.424   32.434
135   25.798   31.758
136   25.066   30.046
137   24.046   28.512
138   23.294   27.664
139   22.014   25.234
140   21.38   24.248
141   21.326   23.924
142   20.352   23.174
143   19.574   21.68
144   19.198   21.028
145   18.28   19.954
146   17.31   18.356
147   16.724   17.526
148   16.376   17.288
149   15.672   16.332
150   15.02   15.564
151   14.854   14.976
152   14.222   14.466
153   13.716   13.448
154   13.042   12.884
155   13.168   12.932
156   12.252   11.848
157   11.904   11.456
158   11.668   11.096
159   11.01   10.376
160   10.79   10.222
161   9.92   8.944
162   10.012   9.136
163   9.622   8.766
164   9.298   8.202
165   8.612   7.468
166   8.438   7.434
167   8.354   7.278
168   7.754   6.518
169   7.502   6.402
170   7.288   6.122
171   7.306   6.238
172   6.746   5.532
173   6.428   5.268
174   6.252   4.978
175   6.21   4.976
176   6.06   4.872
177   5.682   4.538
178   5.686   4.482
179   5.528   4.336
180   5.412   4.182
181   5.012   3.786
182   5.086   3.932
183   4.664   3.55
184   4.264   3.094
185   4.206   3.052
186   4.122   2.974
187   4.23   3.036
188   3.816   2.68
189   3.94   2.786
190   3.664   2.552
191   3.618   2.536
192   3.476   2.384
193   3.326   2.242
194   3.25   2.154
195   3.052   1.976
196   3.004   1.932
197   2.892   1.844
198   2.65   1.606
199   2.43888   1.43287
