0   407.816   1987.95
1   403.48   1934.9
2   398.94   1885.07
3   394.062   1848.01
4   388.61   1795.82
5   382.666   1749.24
6   377.792   1709.77
7   372.148   1673.49
8   366.398   1631.74
9   361.078   1585.96
10   354.498   1554.65
11   349.04   1512.97
12   344.532   1469.01
13   338.874   1439.29
14   333.486   1405.97
15   328.428   1372.22
16   323.588   1339.8
17   319.328   1312.24
18   313.684   1284.8
19   308.126   1255.24
20   304.174   1228.84
21   298.206   1192.12
22   294.546   1166.53
23   289.576   1136.97
24   284.996   1110.34
25   280.483   1085.53
26   275.568   1051.87
27   270.708   1031.3
28   266.962   1008.92
29   263.342   983.262
30   257.826   963.466
31   254.822   941.236
32   250.158   920.43
33   245.63   892.578
34   241.598   868.852
35   238.366   852.566
36   234.594   833.928
37   231.032   806.614
38   226.134   788.724
39   222.574   765.46
40   218.22   743.588
41   214.83   735.568
42   211.44   714.81
43   208.038   695.832
44   203.46   677.82
45   201.226   660.596
46   198.64   643.766
47   194.25   634.406
48   190.936   615.428
49   187.216   597.664
50   185.812   586.016
51   181.574   568.946
52   179.324   552.714
53   175.89   542.758
54   171.324   527.156
55   169.318   509.772
56   165.154   498.536
57   163.53   486.328
58   160.4   467.236
59   157.266   460.31
60   154.366   447.288
61   151.642   435.166
62   148.532   424.888
63   146.81   414.018
64   143.392   397.662
65   139.996   388.046
66   137.302   375.45
67   135.598   365.754
68   133.032   357.412
69   130.25   344.058
70   127.496   334.868
71   124.916   327.278
72   122.742   316.702
73   120.618   308.436
74   118.526   299.042
75   116.788   292.958
76   114.812   285.924
77   111.604   273.402
78   110.126   268.722
79   107.222   258.548
80   105.066   251.092
81   102.9   245.042
82   100.526   236.566
83   99.052   227.36
84   96.882   221.968
85   94.516   213.73
86   93.842   210.328
87   90.832   200.918
88   88.958   195.042
89   87.448   188.982
90   84.85   182.382
91   82.656   174.58
92   82.326   172.972
93   79.37   165.678
94   77.844   159.84
95   75.922   154.57
96   74.482   147.016
97   73.236   145.518
98   70.782   138.882
99   70.378   134.476
100   67.612   128.754
101   66.342   125.404
102   65.926   124.108
103   62.942   115.642
104   61.352   111.782
105   59.798   106.81
106   60.042   107.31
107   57.332   102.366
108   56.426   99.614
109   53.86   91.784
110   53.416   90.044
111   51.78   87.512
112   50.896   83.67
113   48.568   79.118
114   47.31   76.394
115   46.22   73.202
116   45.108   71.12
117   44.34   68.982
118   42.678   66.084
119   41.022   61.562
120   39.666   59.456
121   39.002   57.55
122   37.938   54.304
123   37.366   54.448
124   35.164   49.874
125   35.082   48.408
126   34.784   48.036
127   33.626   46.122
128   31.712   42.306
129   31.118   42.732
130   30.814   40.568
131   29.236   38.138
132   28.944   37.61
133   27.546   35.024
134   26.928   33.928
135   26.072   32.71
136   25.06   30.868
137   24.466   29.718
138   22.892   27.606
139   22.0499   25.9581
140   22.3046   26.4609
141   21.744   25.54
142   20.784   24.128
143   19.996   22.514
144   18.646   21.214
145   18.61   20.482
146   17.682   19.264
147   17.688   18.876
148   16.222   17.246
149   16.426   17.334
150   15.456   16.186
151   15.422   16.18
152   14.33   14.332
153   14.098   14.296
154   13.502   13.364
155   13.296   13.106
156   12.168   11.858
157   12.5   12.286
158   11.506   10.81
159   11.08   10.26
160   10.158   9.454
161   10.59   9.924
162   10.002   9.128
163   9.54   8.664
164   9.124   8.236
165   8.7   7.75
166   8.046   6.862
167   8.258   7.162
168   7.854   6.668
169   7.738   6.778
170   7.35   6.246
171   7.036   5.904
172   6.922   5.752
173   6.648   5.47
174   6.448   5.164
175   6.336   5.188
176   6.122   4.946
177   5.77   4.584
178   5.902   4.65
179   5.226   3.934
180   5.206   3.948
181   4.848   3.7
182   4.792   3.608
183   4.624   3.372
184   4.592   3.416
185   4.46   3.336
186   4.02   2.854
187   4.058   2.864
188   3.992   2.798
189   3.852   2.716
190   3.852   2.728
191   3.622   2.524
192   3.304   2.19
193   3.204   2.118
194   3.228   2.14
195   3.046   1.99
196   2.994   1.946
197   2.742   1.712
198   2.634   1.604
199   2.41082   1.40481
