0  5   2.19575  352.418  26.2725  0.0833875  0.0925143  0.0949415  0.10479
5  10   4.01586  299.583  23.4002  0.130173  0.120122  0.145514  0.135309
10  20   5.67277  234.855  19.7696  0.202074  0.152183  0.221153  0.171638
20  30   7.34756  166.655  15.8251  0.288053  0.193199  0.309266  0.21746
30  40   8.70457  114.675  12.6221  0.362657  0.237518  0.386911  0.266557
40  50   9.87309  75.5469  9.97432  0.431338  0.289565  0.459406  0.323779
50  60   10.9199  46.6624  7.6617  0.501203  0.350227  0.533196  0.388422
60  100   13.3355  12.6539  2.76072  0.708999  0.377434  0.749219  0.458077
0  10   3.10606  325.993  24.8359  0.106787  0.106322  0.122865  0.12102

centMin centMax <b> <Npart>  <S>     <e2>       <e3>      <e2{2}>   <e3{2}>



