0   407.489   1951.03
1   403.146   1904.35
2   398.156   1857.04
3   393.364   1814.73
4   388.138   1768.13
5   382.952   1728.06
6   377.33   1683.17
7   371.996   1638.98
8   366.092   1601.38
9   361.174   1561.71
10   354.446   1522.66
11   349.348   1487.31
12   343.348   1447.9
13   339.406   1417.6
14   333.808   1386.33
15   328.756   1355.07
16   324.142   1319.53
17   318.742   1285.59
18   313.502   1254.45
19   309.148   1227.52
20   303.854   1195.38
21   298.138   1175.84
22   294.362   1142.22
23   289.36   1115.02
24   285.428   1088.19
25   280.438   1066.09
26   275.594   1037.73
27   270.782   1012.18
28   267.57   987.138
29   262.574   963.47
30   257.94   938.044
31   252.66   916.494
32   249.878   896.45
33   246.292   874.732
34   242.086   852.902
35   237.646   833.982
36   234.82   817.388
37   231.99   801.04
38   226.926   779.168
39   223.11   758.904
40   219.966   743.886
41   215.732   723.142
42   212.84   704.334
43   209.044   684.19
44   205.63   675.928
45   202.356   659.632
46   198.728   634.154
47   193.936   617.868
48   192.596   605.246
49   188.604   587.402
50   186.244   576.364
51   182.666   560.33
52   179.254   551.728
53   176.422   536.872
54   173.356   521.976
55   171.106   508.462
56   167.542   497.178
57   164.928   483.536
58   161.022   470.212
59   158.72   456.62
60   154.934   441.172
61   152.27   428.222
62   150.822   420.498
63   146.478   406.87
64   143.944   395.434
65   142.726   388.672
66   139.038   370.558
67   136.636   361.7
68   133.764   352.672
69   130.676   340.978
70   128.266   331.242
71   125.918   320.832
72   123.448   310.378
73   120.68   303.366
74   119.258   294.792
75   116.048   285.88
76   114.82   278.148
77   112.516   272.316
78   109.854   262.286
79   108.402   256.138
80   106.324   246.34
81   103.924   239.622
82   101.918   234.832
83   100.104   227.42
84   97.456   217.532
85   96.398   215.12
86   93.656   206.25
87   91.776   201.388
88   89.474   192.29
89   88.734   191.164
90   85.964   179.904
91   83.564   173.748
92   82.142   166.666
93   80.196   164.352
94   78.066   158.826
95   76.46   151.196
96   74.92   147.16
97   73.294   142.318
98   71.266   135.244
99   70.134   130.97
100   68.704   129.692
101   67.596   127.898
102   64.78   119.448
103   63.466   112.996
104   62.624   111.384
105   59.888   107.138
106   58.752   101.848
107   57.56   99.578
108   56.514   94.494
109   54.966   92.624
110   53.032   88.052
111   50.924   83.256
112   50.56   81.62
113   48.798   78.196
114   47.494   74.76
115   47.342   73.936
116   45.388   70.256
117   44.074   66.492
118   43.228   65.214
119   41.5   62.216
120   40.448   59.952
121   39.764   57.624
122   38.868   55.428
123   38.45   54.552
124   35.778   50.024
125   34.73   47.56
126   34.5   47.254
127   32.932   44.118
128   32.772   42.88
129   31.374   40.726
130   30.032   38.454
131   29.466   37.498
132   28.044   35.05
133   27.488   34.424
134   26.528   32.644
135   26.19   31.498
136   25.108   31.082
137   24.06   28.362
138   23.01   26.75
139   22.01   25.236
140   22.31   25.452
141   20.832   23.808
142   20.11   22.338
143   20.094   22.23
144   18.48   20.102
145   18.354   19.892
146   17.528   18.612
147   17.788   19.046
148   17.014   18.08
149   16.872   17.606
150   16.192   16.676
151   15.25   15.432
152   14.292   14.14
153   14.232   14.198
154   13.246   12.992
155   13.008   12.67
156   12.316   11.994
157   12.194   11.71
158   11.768   11.118
159   11.196   10.52
160   10.81   10.088
161   10.096   9.184
162   10.026   9.222
163   9.596   8.528
164   9.10978   8.14172
165   9.10421   8.16633
166   8.488   7.27
167   8.592   7.572
168   7.962   6.764
169   7.648   6.514
170   7.562   6.334
171   7.38   6.134
172   6.734   5.572
173   6.702   5.432
174   6.04   4.8
175   6.098   4.946
176   5.858   4.62
177   5.632   4.406
178   5.394   4.194
179   5.246   4.038
180   5.044   3.806
181   5.252   4.03
182   4.702   3.51
183   4.54   3.328
184   4.46   3.232
185   4.336   3.148
186   4.278   3.11
187   4.044   2.902
188   3.916   2.78
189   3.966   2.822
190   3.766   2.632
191   3.278   2.2
192   3.328   2.236
193   3.208   2.108
194   3.326   2.244
195   3.172   2.106
196   2.926   1.878
197   2.746   1.724
198   2.612   1.596
199   2.55311   1.54509
