0   406.98   1938.64
1   402.256   1891
2   396.718   1844.31
3   391.652   1797.87
4   386.218   1750.93
5   380.68   1699.82
6   375.484   1662.42
7   369.326   1623.54
8   363.27   1574.97
9   358.832   1539.7
10   353.39   1505.74
11   347.476   1465.88
12   342.212   1431.89
13   337.214   1399.69
14   332.892   1366.44
15   328.044   1335.04
16   322.556   1300.21
17   317.18   1273.91
18   311.806   1243.84
19   307.494   1211.12
20   301.928   1184.38
21   297.736   1155.34
22   292.944   1129.99
23   288.724   1107.51
24   283.808   1075.11
25   278.068   1052.72
26   274.79   1027.31
27   270.416   996.652
28   266.196   975.394
29   261.336   953.068
30   256.472   928.986
31   252.71   906.268
32   249.302   885.734
33   244.144   859.908
34   240.046   839.584
35   237.17   818.886
36   233.342   800.108
37   229.478   779.458
38   226.058   762.212
39   221.67   747.064
40   217.196   727.638
41   214.496   712.438
42   211.784   692.476
43   208.734   679.112
44   204.664   663.242
45   201.614   645.196
46   197.928   631.036
47   193.82   615.802
48   191.414   598.208
49   188.24   584.564
50   184.836   568.208
51   182.11   558.332
52   178.994   541.45
53   175.922   520.12
54   172.08   510.612
55   170.272   502.44
56   166.788   490.176
57   163.176   474.212
58   161.666   463.118
59   157.94   445.46
60   153.818   434.054
61   153.26   426.946
62   149.82   414.984
63   146.146   398.588
64   144.04   390.514
65   142.038   382.53
66   138.568   370.98
67   136.546   359.674
68   133.896   350.464
69   131.142   338.532
70   129.552   331.244
71   125.926   318.14
72   124.768   311.604
73   121.854   304.29
74   118.352   291.904
75   117.228   285.884
76   115.194   276.248
77   112.86   268.322
78   110.528   263.642
79   108.602   253.746
80   106.436   244.626
81   104.87   239.092
82   101.004   226.826
83   100.454   227.716
84   97.476   217.84
85   96.246   214.088
86   92.642   202.08
87   91.456   195.892
88   89.346   189.734
89   87.368   184.918
90   86.72   182.072
91   83.828   173.142
92   82.136   168.006
93   79.798   158.29
94   78.204   154.84
95   76.336   147.134
96   73.638   142.404
97   73.236   139.246
98   70.93   135.498
99   69.266   128.062
100   67.454   124.75
101   66.058   119.976
102   64.086   115.844
103   63.252   112.55
104   61.702   109.9
105   59.498   101.878
106   57.516   98.266
107   56.846   96.058
108   56.034   94.67
109   54.946   91.928
110   52.698   85.81
111   52.028   84.468
112   48.918   77.586
113   49.018   77.17
114   46.634   73.374
115   45.942   70.75
116   44.746   68.464
117   44.66   67.072
118   42.108   62.086
119   41.542   60.726
120   40.348   58.174
121   38.654   55.456
122   38.762   55.526
123   37.106   51.504
124   36.172   49.228
125   35.828   49.756
126   34.108   45.302
127   32.76   43.636
128   31.906   42.61
129   29.902   38.824
130   30.134   38.008
131   29.082   36.4
132   27.416   34.206
133   26.68   32.608
134   26.03   31.424
135   24.43   29.15
136   24.38   29.098
137   23.356   26.994
138   22.666   26.116
139   22.638   26.062
140   22.12   25.268
141   20.884   23.448
142   19.55   21.25
143   19.404   21.222
144   18.586   19.976
145   17.314   18.372
146   16.982   17.808
147   16.766   17.344
148   16.274   16.772
149   15.45   15.484
150   15.128   15.262
151   14.848   14.838
152   13.772   13.306
153   13.31   12.774
154   12.966   12.31
155   12.258   11.626
156   12.744   12.402
157   11.612   10.866
158   10.598   9.766
159   10.694   9.946
160   10.626   9.79
161   10.346   9.372
162   9.792   8.728
163   8.92   7.842
164   8.89   7.748
165   8.54   7.398
166   8.526   7.396
167   8.506   7.344
168   7.59   6.274
169   7.916   6.788
170   7.286   6.164
171   7.01   5.834
172   6.766   5.446
173   6.354   5.168
174   6.032   4.858
175   5.708   4.434
176   5.968   4.702
177   5.54   4.24
178   5.69   4.46
179   5.436   4.194
180   5.16   3.964
181   4.9   3.654
182   4.81   3.644
183   4.51   3.262
184   4.48   3.284
185   4.38   3.172
186   4.246   3.098
187   3.824   2.662
188   3.938   2.812
189   3.818   2.686
190   3.648   2.524
191   3.612   2.462
192   3.202   2.108
193   3.496   2.366
194   3.148   2.076
195   3.06   1.986
196   2.948   1.896
197   2.916   1.888
198   2.654   1.636
199   2.53307   1.52505
