0   407.333   1966.88
1   402.264   1920.4
2   397.266   1866.58
3   392.43   1817.95
4   387.37   1775.19
5   381.154   1726.13
6   375.87   1690.38
7   371.19   1657.45
8   366.36   1607.98
9   359.46   1569.67
10   354.922   1542.25
11   350.098   1496.9
12   344.304   1461.96
13   338.482   1422.56
14   333.864   1394.25
15   328.35   1361.06
16   322.546   1328.54
17   317.666   1290.38
18   312.646   1261.24
19   307.246   1233.81
20   303.25   1201.7
21   298.306   1175.47
22   292.874   1149.04
23   288.416   1120.88
24   284.348   1088.84
25   280.142   1064.13
26   275.062   1038.53
27   270.828   1017.3
28   266.424   988.214
29   262.26   967.826
30   257.43   936.126
31   252.424   922.58
32   249.302   897.16
33   244.562   878.09
34   240.508   856.382
35   237.512   835.578
36   233.802   816.908
37   230.47   799.976
38   225.1   776.25
39   222.746   761.588
40   218.242   738.848
41   215.39   725.612
42   212.644   705.33
43   207.974   683.404
44   204.832   666.408
45   200.906   651
46   198.958   642.088
47   194.65   621.73
48   191.302   605.744
49   187.34   587.292
50   185.172   573.892
51   181.374   557.256
52   178.39   541.318
53   174.412   526.81
54   172.514   518.23
55   169.948   507.424
56   166.78   493.678
57   163.726   478.178
58   161.508   464.334
59   158.376   453.156
60   155.104   443.004
61   152.982   427.952
62   148.826   417.014
63   146.356   405.646
64   144.95   398.256
65   141.56   384.42
66   139.43   372.968
67   136.622   367.48
68   134.072   353.308
69   131.616   341.258
70   128.36   332.26
71   126.23   322.394
72   124.162   314.306
73   121.336   306.282
74   119.58   296.082
75   117.048   287.68
76   114.354   278.576
77   111.212   269.274
78   109.568   259.786
79   107.98   256.038
80   104.796   242.48
81   104.024   237.274
82   101.122   229.694
83   98.616   224.228
84   96.558   216.726
85   94.678   207.384
86   92.586   202.304
87   90.682   197.268
88   88.166   188.762
89   86.784   180.456
90   84.998   177.5
91   83.23   172.06
92   80.262   163.716
93   79.44   160.332
94   78.8842   158.044
95   76.6613   150.629
96   74.704   143.562
97   73.084   139.526
98   70.632   135.484
99   69.64   132.022
100   67.108   125.366
101   66.266   122.038
102   64.918   118.542
103   63.358   114.238
104   61.018   108.6
105   59.2   103.496
106   58.508   101.626
107   56.88   97.12
108   56.1   95.354
109   53.926   89.834
110   52.378   86.094
111   51.394   83.818
112   49.678   80.076
113   49.262   77.756
114   47.074   73.986
115   46.496   72.35
116   45.324   69.47
117   43.17   64.362
118   42.704   63.538
119   41.238   60.284
120   40.932   60.356
121   38.922   55.532
122   37.99   53.912
123   36.306   50.324
124   35.394   49.462
125   34.824   47.734
126   33.522   45.738
127   32.27   43.248
128   32.358   43.228
129   29.886   38.618
130   29.784   38.116
131   29.378   36.86
132   27.936   34.882
133   26.638   32.628
134   26.594   32.234
135   26.146   31.946
136   25.19   29.928
137   23.788   28.344
138   23.106   26.994
139   22.802   26.392
140   21.672   24.678
141   20.684   23.388
142   20.12   22.046
143   20   22.178
144   18.81   20.186
145   18.398   19.696
146   17.816   18.954
147   17.688   18.63
148   16.474   17.386
149   15.682   16.174
150   15.136   15.226
151   15.314   15.452
152   13.96   13.82
153   13.718   13.636
154   13.772   13.614
155   12.756   12.288
156   12.194   11.714
157   12.342   11.874
158   11.094   10.242
159   11.39   10.7
160   10.878   10.002
161   10.23   9.362
162   9.51   8.55
163   9.18   8.124
164   9.042   7.948
165   8.898   7.796
166   8.65   7.382
167   8.176   7.23
168   8.244   7.01
169   7.752   6.574
170   7.492   6.292
171   7.038   5.784
172   6.664   5.444
173   6.632   5.366
174   6.362   5.054
175   6.354   5.11
176   5.838   4.672
177   5.824   4.636
178   5.486   4.232
179   5.394   4.26
180   5.03   3.856
181   4.95   3.74
182   4.958   3.736
183   4.574   3.382
184   4.42   3.25
185   4.73   3.522
186   4.18   2.978
187   3.956   2.752
188   3.838   2.684
189   3.71   2.592
190   3.612   2.498
191   3.66   2.514
192   3.5   2.392
193   3.294   2.184
194   3.214   2.162
195   3.052   2.012
196   2.996   1.92
197   2.842   1.794
198   2.526   1.508
199   2.3988   1.38677
