0   406.896   1953.33
1   402.372   1902.32
2   397.456   1857.84
3   392.582   1805.89
4   386.164   1753.91
5   381.374   1719.26
6   375.734   1673.42
7   370.236   1636.12
8   365.122   1592.46
9   358.312   1553.84
10   353.666   1517.44
11   348.34   1478.06
12   343.914   1445.65
13   337.782   1408.66
14   332.562   1378.57
15   326.67   1339.5
16   321.398   1305.7
17   316.784   1273.69
18   312.15   1235.4
19   305.844   1211.74
20   301.594   1183.18
21   296.522   1153.31
22   292.314   1127.69
23   288.2   1103.77
24   282.61   1076.07
25   279.104   1050.31
26   274.668   1022.57
27   269.462   999.988
28   264.858   973.052
29   260.516   951.088
30   256.89   926.964
31   252.094   907.182
32   248.198   890.654
33   244.852   871.89
34   239.348   841.214
35   237.74   829.27
36   234.712   808.402
37   230.092   790.354
38   226.576   763.876
39   222.426   752.616
40   218.472   728.056
41   216.706   712.646
42   212.388   695.764
43   208.934   683.412
44   203.328   662.574
45   200.766   643.77
46   198.326   632.512
47   194.538   613.134
48   191.836   593.62
49   189.232   584.238
50   184.558   566.276
51   181.208   550.86
52   178.804   538.484
53   174.844   522.274
54   171.474   509.674
55   168.928   494.176
56   165.384   482.386
57   162.738   464.966
58   160.048   456.626
59   157.678   446.318
60   153.73   427.55
61   151.424   422.254
62   147.804   409.884
63   146.4   399.032
64   142.614   383.308
65   141.6   376.512
66   137.804   362.322
67   135.278   354.41
68   132.608   343.68
69   130.736   331.83
70   127.8   324.074
71   125.802   319.182
72   122.622   302.306
73   119.318   294.062
74   117.66   287.276
75   115.37   277.7
76   114.042   271.17
77   111.582   263.236
78   108.912   256.512
79   106.036   246.67
80   105.378   238.624
81   102.514   230.438
82   99.836   224.706
83   98.372   219.272
84   95.792   210.296
85   93.636   204.026
86   91.564   195.814
87   90.512   191.594
88   86.708   180.724
89   85.644   176.75
90   84.016   173.956
91   81.396   164.556
92   80.274   161.448
93   78.48   156.732
94   76.9   150.066
95   75.198   146.254
96   73.384   140.776
97   71.984   136.464
98   71.174   133.38
99   68.34   126.598
100   67.164   123.086
101   65.4   118.42
102   63.56   113.404
103   62.474   111.388
104   60.718   107.564
105   58.79   102.232
106   58.582   101.14
107   56.486   95.348
108   54.698   89.958
109   53.786   86.612
110   51.48   83.922
111   50.31   79.902
112   49.83   79.024
113   47.838   74.568
114   45.868   70.936
115   45.63   69.942
116   44.28   65.926
117   43.33   64.444
118   42.12   62.132
119   40.238   58.286
120   39.478   56.212
121   38.39   54.514
122   37.98   54.058
123   36.316   50.168
124   35.702   48.82
125   34.17   46.176
126   32.75   43.574
127   31.806   40.778
128   31.684   40.996
129   29.804   38.462
130   28.55   35.962
131   28.346   35.09
132   26.506   32.458
133   27.05   32.954
134   25.72   30.436
135   25.772   30.922
136   24.928   29.462
137   23.066   27.088
138   22.576   26
139   21.7   24.314
140   21.34   23.518
141   20.018   22.13
142   20.028   21.752
143   19.37   20.922
144   18.358   19.81
145   17.476   18.566
146   16.976   17.5
147   16.272   17.01
148   15.5   15.456
149   15.636   16.052
150   15.044   15.194
151   14.178   14.322
152   13.808   13.742
153   13.738   13.452
154   12.92   12.536
155   12.81   12.258
156   12.178   11.486
157   11.708   11.018
158   11.144   10.148
159   10.51   9.594
160   10.146   9.158
161   9.878   8.77
162   10.032   9.004
163   9.594   8.446
164   8.726   7.416
165   8.576   7.522
166   8.078   6.888
167   7.668   6.54
168   7.96607   6.80439
169   7.33267   6.12826
170   7.366   6.104
171   7.158   5.918
172   6.6   5.304
173   6.626   5.406
174   6.342   5.092
175   6.168   4.964
176   5.996   4.762
177   5.622   4.314
178   5.45   4.198
179   5.178   3.97
180   5.322   4.09
181   5.09   3.844
182   4.8   3.614
183   4.668   3.452
184   4.574   3.364
185   4.314   3.124
186   4.036   2.864
187   4.122   2.952
188   3.966   2.766
189   3.972   2.79
190   3.748   2.614
191   3.558   2.444
192   3.432   2.316
193   3.41   2.33
194   3.174   2.108
195   3.008   1.948
196   2.832   1.774
197   2.88   1.834
198   2.658   1.64
199   2.48697   1.47295
