0   406.509   1934.83
1   402.076   1884.02
2   396.682   1830.39
3   391.88   1789.63
4   387.092   1742.08
5   381.198   1700
6   376.498   1657.55
7   370.618   1618.62
8   364.762   1580.25
9   359.624   1536.88
10   353.95   1496.88
11   348.25   1467
12   344.576   1428.84
13   337.582   1400.15
14   333.774   1363.61
15   328.7   1332.58
16   324.274   1295.96
17   316.962   1267.17
18   312.736   1231.76
19   308.122   1205.92
20   302.946   1174.64
21   297.506   1147.66
22   293.762   1121.91
23   289.278   1098.78
24   284.374   1063.91
25   279.496   1039.95
26   275.268   1016.08
27   270.45   990.08
28   266.242   960.7
29   261.662   940.088
30   258.082   919.98
31   253.544   896.866
32   250.384   879.768
33   245.148   854.782
34   241.422   833.998
35   237.66   813.714
36   233.81   790.268
37   229.374   777.07
38   226.1   755.322
39   223.008   735.496
40   219.132   718.244
41   215.934   702.242
42   212.7   687.914
43   207.52   667.93
44   204.908   651.466
45   201.684   638.418
46   197.922   618.254
47   194.07   605.128
48   191.464   589.352
49   188.548   570.12
50   186.338   560.45
51   181.718   546.136
52   178.372   530.488
53   176.058   518.792
54   172.444   500.07
55   169.104   486.636
56   167.634   479.662
57   162.85   458.188
58   160.142   448.01
59   157.496   438.99
60   155.562   427.736
61   152.572   415.632
62   148.68   402.818
63   146.328   391.978
64   144.292   380.79
65   140.868   369.716
66   137.816   357.422
67   134.68   344.398
68   132.61   337.548
69   130.23   327.426
70   126.824   317.998
71   124.904   307.712
72   121.374   299.276
73   119.984   286.946
74   118.252   281.508
75   115.354   274.672
76   112.094   263.36
77   111.31   258.676
78   108.428   246.444
79   106.444   238.62
80   104.412   233.84
81   101.53   223.044
82   99.336   218.656
83   97.094   211.31
84   94.472   202.244
85   92.944   197.342
86   90.648   189.932
87   89.314   185.754
88   86.864   177.212
89   85.378   173.966
90   82.286   164.152
91   79.946   159.784
92   79.948   156.746
93   77.578   149.802
94   75.028   141.954
95   74.716   140.22
96   73.012   134.324
97   70.712   130.924
98   68.728   125.282
99   67.522   122.362
100   65.4   117.068
101   63.654   111.732
102   62.37   109.242
103   61.46   104.726
104   59.376   100.452
105   58.34   98.462
106   55.904   91.148
107   55.972   92.676
108   54.172   88.166
109   52.96   85.112
110   51.314   80.876
111   49.518   76.99
112   49.022   75.956
113   47.432   71.31
114   46.594   68.682
115   45.092   67.556
116   42.564   62.254
117   42.8   62.936
118   41.366   59.584
119   40.288   57.168
120   39.29   55.162
121   39.02   53.496
122   37.264   50.812
123   35.314   47.734
124   33.808   44.562
125   33.06   42.764
126   33.23   43.112
127   31.028   39.434
128   30.662   38.63
129   29.7   36.876
130   28.122   34.536
131   28.054   34.19
132   26.904   31.93
133   26.282   31.308
134   25.094   29.552
135   24.46   28.048
136   23.986   27.748
137   22.284   25.38
138   21.784   24.404
139   21.6   23.776
140   20.064   21.9
141   20.044   21.862
142   19.14   20.45
143   18.39   19.686
144   18.222   19.132
145   17.246   18.136
146   16.808   17.464
147   15.71   16.024
148   15.426   15.376
149   14.926   14.916
150   14.434   14.26
151   13.85   13.574
152   14.006   13.438
153   13.232   12.884
154   12.558   11.71
155   12.288   11.402
156   11.602   10.9
157   11.438   10.466
158   10.79   9.91
159   10.24   9.162
160   10.554   9.658
161   9.772   8.656
162   9.174   7.956
163   9.024   7.818
164   8.34   7.032
165   8.592   7.456
166   8.01   6.774
167   7.866   6.612
168   7.224   5.922
169   7.296   5.902
170   7.33   6.08
171   6.7   5.348
172   6.55   5.292
173   6.54   5.252
174   5.952   4.7
175   6.2   4.884
176   5.674   4.388
177   5.692   4.4
178   5.284   4.016
179   5.382   4.094
180   5.202   4.006
181   4.804   3.604
182   4.956   3.76
183   4.694   3.536
184   4.432   3.262
185   4.208   3.026
186   4.114   2.958
187   4.018   2.812
188   3.958   2.804
189   3.734   2.608
190   3.61   2.48
191   3.452   2.34
192   3.464   2.356
193   3.332   2.204
194   3.198   2.12
195   2.992   1.918
196   2.972   1.932
197   2.826   1.784
198   2.626   1.612
199   2.47695   1.47094
