0   407.94   1998.82
1   403.598   1942.19
2   397.804   1892.5
3   392.258   1840.22
4   387.208   1791.88
5   381.728   1750.46
6   375.604   1705.89
7   370.118   1659.94
8   364.894   1622.42
9   360.272   1582.98
10   354.364   1549.9
11   349.012   1516.73
12   343.642   1477.79
13   338.736   1446.27
14   333.898   1406.09
15   327.364   1377.58
16   323.358   1350.64
17   319.016   1316.51
18   313.098   1288.04
19   308.802   1255.35
20   303.524   1220
21   299.194   1197.96
22   293.528   1168.18
23   289.328   1143.1
24   285.45   1114.25
25   281.078   1091.9
26   277.706   1070.83
27   272.502   1047.97
28   268.326   1019.94
29   264.336   996.486
30   259.838   969.956
31   256.106   948.598
32   252.28   928.628
33   248.354   906.924
34   243.93   886.322
35   239.27   855.006
36   235.568   840.204
37   230.926   822.208
38   227.182   796.892
39   224.684   777.972
40   220.584   758.58
41   217.512   745.04
42   213.912   727.146
43   210.2   711.31
44   206.764   693.08
45   202.03   673.028
46   200.078   656.618
47   195.904   643.604
48   194.166   628.012
49   190.67   610.254
50   185.974   594.288
51   183.54   583.526
52   179.772   564.878
53   177.934   556.226
54   174.148   537.612
55   170.932   526.712
56   167.544   508.02
57   165.056   497.108
58   162.392   480.088
59   159.784   468.22
60   156.772   455.012
61   154.93   451.558
62   151.39   432.284
63   148.628   421.042
64   146.326   410.216
65   143.09   401.302
66   140.818   388.216
67   138.466   381.74
68   135.536   367.792
69   134.246   364.172
70   130.252   346.458
71   128.446   341.978
72   126.124   330.236
73   123.64   321.59
74   121.512   310.554
75   119.258   301.706
76   116.212   290.974
77   113.564   281.268
78   112.014   276.884
79   109.532   269.612
80   106.236   257.852
81   104.232   248.716
82   102.56   241.134
83   100.684   235.446
84   98.332   227.858
85   96.296   221.266
86   94.772   215.79
87   92.432   205.83
88   90.832   198.634
89   87.372   192.588
90   86.566   189.704
91   84.7   181.084
92   83.626   178.426
93   82.354   173.398
94   79.154   166.34
95   77.45   158.934
96   76.914   154.572
97   75.272   152.688
98   72.924   144.566
99   72.26   142.24
100   70.822   137.928
101   67.284   128.42
102   66.186   126.468
103   64.33   121.284
104   62.846   116.066
105   61.09   110.564
106   60.498   108.938
107   59.18   105.208
108   57.304   101.466
109   56.078   99.35
110   54.928   94.972
111   53.796   91.138
112   52.508   87.848
113   51.026   84.21
114   48.708   80.464
115   48.532   78.9
116   47.554   76.474
117   44.938   71.054
118   43.828   68.25
119   42.888   66.384
120   41.17   61.456
121   40.884   61.422
122   39.396   58.348
123   38.522   56.238
124   37.54   54.188
125   35.962   51.296
126   35.046   49.178
127   33.802   46.626
128   33.78   46.438
129   32.9   44.616
130   30.456   40.25
131   30.848   41.24
132   29.02   38.57
133   28.426   36.95
134   28.214   36.406
135   27.092   35.004
136   25.444   30.95
137   26.258   32.98
138   25.066   30.57
139   24.34   29.162
140   22.672   26.59
141   22.372   26.53
142   21.214   24.41
143   20.632   23.228
144   19.718   22.092
145   19.548   21.83
146   18.218   19.884
147   18.162   20.006
148   17.68   19.388
149   17.2   18.534
150   15.902   16.792
151   15.444   15.824
152   15.498   15.93
153   14.688   14.926
154   14.064   14.54
155   13.368   13.37
156   12.404   12.096
157   12.452   11.884
158   11.824   11.408
159   11.222   10.68
160   11.228   10.8
161   10.478   9.696
162   10.342   9.556
163   10.07   9.366
164   9.098   8.216
165   9.102   8.184
166   8.894   7.916
167   8.804   7.71
168   8.212   7.106
169   7.582   6.544
170   7.732   6.684
171   7.228   6.218
172   6.82   5.626
173   6.626   5.488
174   6.72   5.528
175   6.036   4.85
176   6.048   4.75
177   5.8   4.568
178   5.688   4.43
179   5.358   4.194
180   5.108   3.886
181   5.076   3.88
182   5.024   3.796
183   4.846   3.678
184   4.534   3.316
185   4.37   3.194
186   4.138   3.008
187   4.02   2.896
188   3.728   2.588
189   3.882   2.716
190   3.798   2.682
191   3.522   2.41
192   3.398   2.28
193   3.404   2.302
194   3.11   2.044
195   3.056   1.982
196   2.82   1.784
197   2.888   1.854
198   2.626   1.598
199   2.44689   1.44689
