0   407.485   1982.19
1   403.374   1938.37
2   398.694   1881.75
3   393.488   1842.11
4   388.35   1795.55
5   382.544   1749.94
6   377.854   1710.16
7   371.694   1664.53
8   366.038   1626.13
9   361.062   1584.98
10   355.888   1546.49
11   349.94   1512
12   344.288   1478.21
13   339.582   1436.59
14   334.406   1402.44
15   328.462   1367.87
16   324.32   1341.82
17   319.346   1305.64
18   314.48   1282.97
19   308.674   1247.55
20   305.526   1221.13
21   300.124   1200.57
22   295.752   1166.14
23   290.8   1137.15
24   285.848   1113.37
25   282.502   1087.24
26   276.956   1059.88
27   273.082   1034.43
28   268.696   1014.48
29   264.424   986.972
30   259.958   963.292
31   255.462   937.308
32   251.302   919.988
33   248.292   900.234
34   243.238   873.58
35   239.856   849.202
36   235.308   832.116
37   230.84   817.256
38   227.91   791.346
39   225.944   774.78
40   220.8   752.494
41   216.86   735.038
42   211.918   719.61
43   209.122   694.124
44   205.512   681.852
45   202.224   662.5
46   198.91   648.988
47   195.6   630.02
48   193.734   614.27
49   189.09   600.372
50   185.948   584.192
51   182.472   567.798
52   179.986   556.632
53   175.918   534.554
54   174.486   530.838
55   170.2   507.452
56   166.25   493.84
57   163.77   484.84
58   161.152   472.644
59   158.9   462.774
60   155.924   447.526
61   153.484   441.288
62   149.848   423.674
63   148.434   417.66
64   144.918   402.784
65   143.21   392.618
66   139.24   377.558
67   136.892   368.354
68   133.962   358.048
69   131.724   347.118
70   129.292   340.396
71   127.324   331.076
72   124.914   317.356
73   121.892   313.066
74   121.44   304.55
75   117.756   290.582
76   115.796   286.674
77   113.924   278.824
78   111.022   268.474
79   109.492   260.99
80   106.938   253.552
81   104.696   243.7
82   102.56   239.384
83   100.996   230.004
84   97.696   221.21
85   96.042   216.186
86   94.024   206.784
87   91.434   204.498
88   90.526   196.402
89   88.536   191.196
90   88.044   186.362
91   85.076   181.784
92   82.622   170.408
93   80.886   166.712
94   79.912   162.624
95   78.154   156.578
96   76.962   155.018
97   74.012   146.542
98   72.754   141.392
99   70.456   135.306
100   68.954   131.404
101   67.612   127.98
102   65.838   122.218
103   64.24   118.75
104   63.276   115.468
105   61.666   110.24
106   59.344   105.68
107   59.2   105.014
108   57.638   99.932
109   55.306   96.322
110   54.688   93.698
111   53.274   88.826
112   51.056   83.956
113   49.508   80.238
114   48.52   76.732
115   48.146   77.814
116   46.388   72.436
117   44.588   70.7
118   44.078   68.138
119   42.66   63.988
120   41.302   63.046
121   40.684   59.972
122   39.376   57.618
123   37.93   54.156
124   37.24   52.958
125   36.032   50.094
126   35.156   48.774
127   33.864   46.976
128   32.636   44.356
129   32.052   42.726
130   31.11   41.406
131   29.428   38.264
132   27.824   35.298
133   27.492   34.076
134   27.118   34.066
135   25.146   30.742
136   25.802   31.608
137   24.174   28.744
138   23.458   28.132
139   22.818   27.038
140   21.816   25.518
141   21.772   24.83
142   20.804   23.732
143   19.856   22.224
144   19.11   21.228
145   18.594   20.05
146   17.886   19.242
147   17.358   18.838
148   16.966   17.944
149   16.944   18.056
150   16.034   16.54
151   15.05   15.358
152   14.322   14.458
153   14.092   14.012
154   13.774   13.63
155   12.806   12.436
156   13.004   12.812
157   11.894   11.532
158   11.256   10.558
159   10.688   10.08
160   10.664   10.072
161   10.254   9.562
162   9.762   8.776
163   9.584   8.552
164   9.542   8.554
165   8.4   7.3
166   8.502   7.412
167   7.976   6.842
168   7.96   6.696
169   7.538   6.364
170   7.644   6.474
171   7.182   5.98
172   6.728   5.548
173   6.88   5.66
174   5.95   4.686
175   6.136   4.91
176   6.146   5.014
177   5.762   4.55
178   5.578   4.352
179   5.262   4.08
180   5.292   4.096
181   5.088   3.846
182   4.906   3.72
183   4.612   3.42
184   4.472   3.326
185   4.428   3.274
186   4.25948   3.11178
187   4.00601   2.8497
188   3.936   2.77
189   3.782   2.658
190   3.696   2.54
191   3.526   2.438
192   3.376   2.27
193   3.21   2.136
194   3.094   2.036
195   3.04   1.966
196   2.918   1.85
197   2.82   1.774
198   2.54   1.516
199   2.50301   1.49098
