0   406.529   1938.35
1   401.864   1881.01
2   396.862   1838.3
3   391.508   1793.63
4   386.252   1749.64
5   380.532   1698.75
6   375.048   1655.48
7   369.114   1616.29
8   363.83   1573.44
9   358.06   1532.9
10   352.544   1505.48
11   347.936   1469.26
12   342.046   1428.31
13   337.554   1393.15
14   332.586   1363.08
15   327.184   1330.45
16   321.612   1302.44
17   317.154   1264.78
18   311.598   1241.32
19   307.828   1204.95
20   302.75   1180.91
21   297.212   1149.66
22   293.316   1125.2
23   288.484   1102.25
24   284.368   1071.32
25   278.806   1049.62
26   274.844   1024.12
27   270.124   996.014
28   265.538   969.588
29   263.016   950.666
30   258.292   929.116
31   253.174   906.754
32   249.7   884.812
33   245.406   863.634
34   239.804   840.234
35   236.858   821.162
36   233.592   800.254
37   229.144   781.758
38   226.33   758.074
39   221.188   740.242
40   217.514   721.11
41   214.884   704.77
42   210.57   682.682
43   207.394   669.312
44   204.092   649.906
45   200.738   636.79
46   197.346   622.234
47   193.84   598.122
48   191.026   586.386
49   186.852   572.416
50   184.674   551.99
51   180.74   543.306
52   177.226   527.462
53   173.264   512.436
54   169.722   497.924
55   167.042   485.35
56   166.162   474.944
57   161.856   458.38
58   157.926   444.564
59   155.94   441.014
60   152.83   421.994
61   150.3   410.116
62   148.288   402.026
63   144.526   385.448
64   141.796   374.276
65   137.952   365.684
66   136.718   356.59
67   133.676   344.4
68   131.92   338.052
69   128.368   326.094
70   125.298   315.806
71   123.634   307.642
72   122.124   301.294
73   118.952   288.442
74   116.214   280.36
75   113.826   273.684
76   112.794   266.638
77   110.712   255.632
78   108.09   248.558
79   105.972   242.248
80   103.88   235.12
81   100.98   226.222
82   100.486   221.46
83   96.58   210.74
84   94.862   207.72
85   93.658   202.07
86   92.426   194.74
87   88.47   185.696
88   87.728   181.19
89   85.414   173.152
90   84.078   171.706
91   81.626   163.474
92   79.802   157.762
93   78.496   154.432
94   76.522   148.244
95   74.02   141.334
96   73.71   138.5
97   71.918   134.672
98   69.288   129.48
99   67.388   122.28
100   65.44   118.192
101   64.54   115.076
102   62.806   110.39
103   61.464   105.87
104   59.98   102.406
105   58.294   100.55
106   56.792   96.216
107   55.974   92.436
108   53.686   87.086
109   52.358   85.11
110   51.574   83.21
111   50.348   79.52
112   49.122   75.614
113   47.582   72.282
114   45.746   69.26
115   45.388   68.47
116   44.406   64.678
117   42.956   62.692
118   41.284   60.6
119   40.43   57.88
120   39.252   55.368
121   39.042   54.358
122   37.206   50.94
123   36.158   49.176
124   33.74   45.778
125   33.558   45
126   32.516   42.232
127   31.96   41.654
128   30.578   38.574
129   29.932   38.258
130   29.816   37.226
131   28.228   34.7
132   27.342   32.944
133   26.228   31.584
134   25.49   30.258
135   25.288   29.792
136   24.04   28.04
137   23.134   26.752
138   23.008   26.138
139   21.744   24.756
140   20.44   22.612
141   20.414   22.296
142   19.778   21.558
143   19.076   20.714
144   17.966   18.622
145   17.538   18.208
146   17.214   17.71
147   16.858   17.32
148   15.844   15.954
149   15.518   15.692
150   14.9   14.87
151   14.356   14.034
152   13.696   13.37
153   13.23   12.72
154   12.902   12.482
155   12.192   11.326
156   11.698   10.936
157   11.726   10.84
158   11.018   10.044
159   10.36   9.568
160   10.126   9.006
161   10.166   9.056
162   9.414   8.398
163   9.166   8.088
164   8.54   7.408
165   8.318   7.102
166   8.158   6.874
167   7.672   6.436
168   7.938   6.78
169   7.392   6.102
170   7.29   6.066
171   6.954   5.75
172   6.792   5.576
173   6.628   5.35
174   6.246   4.94
175   5.912   4.722
176   5.974   4.686
177   5.594   4.376
178   5.67   4.416
179   5.216   3.976
180   5.164   3.902
181   4.838   3.656
182   4.806   3.528
183   4.636   3.496
184   4.506   3.296
185   4.338   3.192
186   4.126   2.93
187   4.056   2.902
188   3.894   2.738
189   3.78   2.6
190   3.802   2.686
191   3.48   2.34
192   3.262   2.198
193   3.274   2.178
194   3.196   2.128
195   3.074   2.022
196   3.016   1.958
197   2.872   1.83
198   2.694   1.67
199   2.49299   1.47896
