0   407.15   1963.67
1   402.65   1918.78
2   398.296   1875.32
3   393.488   1825.26
4   388.194   1786.66
5   382.242   1738.25
6   376.838   1695.54
7   371.53   1653.7
8   365.612   1615.97
9   360.65   1572.59
10   355.586   1541.15
11   350.032   1495.32
12   344.506   1464.38
13   339.926   1434.6
14   334.992   1396.09
15   329.068   1361.99
16   324.022   1332.82
17   319.734   1304.28
18   314.676   1274.48
19   309.602   1242
20   304.576   1216.3
21   299.52   1181.45
22   295.192   1156.81
23   290.008   1129.45
24   285.254   1100.72
25   280.83   1070.89
26   276.232   1037.58
27   271.324   1018.23
28   267.812   997.434
29   263.716   971.35
30   258.506   946.2
31   254.366   925.862
32   250.478   905.156
33   246.4   877.284
34   241.692   854.482
35   237.802   838.204
36   233.804   817.38
37   230.604   794.598
38   225.836   776.808
39   222.12   751.796
40   218.362   736.034
41   214.326   716.82
42   211.934   698.59
43   208.174   679.95
44   203.938   667.808
45   201.314   646.762
46   196.796   631.96
47   193.536   619.222
48   191.2   603.88
49   187.402   591.906
50   184.188   568.294
51   181.054   555.242
52   177.666   538.366
53   174.754   528.636
54   171.988   515.446
55   168.928   501.514
56   165.008   484.91
57   162.296   472.894
58   160   459.436
59   156.662   448.48
60   154.97   438.54
61   150.402   424.168
62   148.4   413.212
63   145.974   402.092
64   142.346   386.452
65   139.942   380.73
66   137.78   368.616
67   136.16   358.73
68   132.852   346.198
69   130.424   340.962
70   127.568   330.628
71   125.6   321.244
72   124.526   313.038
73   120.458   303.154
74   118.884   294.798
75   115.24   282
76   114.81   275.894
77   111.216   271.112
78   109.398   262.626
79   107.442   251.588
80   105.04   242.218
81   103.73   238.432
82   101.198   232.148
83   98.644   223.394
84   97.074   216.224
85   94.84   209.942
86   92.326   202.946
87   90.922   196.426
88   87.99   185.19
89   87.246   183.972
90   84.87   178.86
91   82.816   170.38
92   81.498   167.482
93   78.678   158.032
94   77.976   155.97
95   75.746   148.836
96   73.63   142.238
97   72.484   139.548
98   69.946   132.748
99   69.912   130.27
100   67.176   124.758
101   65.408   120.426
102   63.832   114.712
103   63.402   114.686
104   61.336   108.366
105   59.894   104.644
106   57.32   100.612
107   57.79   99.306
108   55.474   93.354
109   54.026   90.592
110   52.236   86.304
111   51.162   82.582
112   49.272   79.548
113   48.578   76.81
114   47.736   74.522
115   46.23   71.77
116   45.586   69.384
117   43.768   65.642
118   42.41   64.122
119   41.364   61.04
120   40.994   60.452
121   38.766   55.86
122   38.014   53.956
123   36.57   50.518
124   35.664   48.656
125   34.856   48.192
126   33.712   46.024
127   32.816   43.402
128   31.72   42.3
129   30.946   39.926
130   29.684   38.228
131   28.66   36.084
132   28.914   36.768
133   27.078   34.696
134   26.006   31.788
135   25.046   30.094
136   24.134   29.002
137   23.538   27.532
138   22.786   26.298
139   22.482   25.364
140   21.11   23.976
141   20.154   22.418
142   19.588   21.678
143   19.448   21.23
144   19.006   20.786
145   17.79   18.868
146   17.068   17.998
147   17.042   17.646
148   16.852   17.666
149   16.202   16.566
150   15.652   15.816
151   14.128   14.226
152   14.27   14.662
153   13.49   13.174
154   12.868   12.33
155   12.552   12.092
156   12.006   11.416
157   11.386   10.776
158   11.292   10.476
159   10.706   9.902
160   10.974   10.206
161   9.748   8.816
162   10.056   9.02
163   9.366   8.352
164   9.244   8.118
165   8.628   7.458
166   8.046   6.99
167   8.016   6.958
168   7.954   6.696
169   7.578   6.442
170   7.114   5.864
171   7.002   5.756
172   6.686   5.492
173   6.344   5.05
174   6.768   5.48
175   6.2   4.998
176   5.842   4.55
177   5.708   4.488
178   5.578   4.32
179   5.358   4.138
180   5.206   4.026
181   4.888   3.622
182   4.762   3.564
183   4.442   3.286
184   4.488   3.326
185   4.162   2.99
186   4.342   3.158
187   4.018   2.872
188   3.736   2.598
189   3.87   2.718
190   3.62   2.504
191   3.424   2.316
192   3.432   2.35
193   3.162   2.08
194   3.092   2.026
195   3.234   2.17
196   2.786   1.726
197   2.78   1.756
198   2.568   1.544
199   2.46693   1.46092
