0   407.068   1953.14
1   402.358   1906.57
2   397.556   1859.43
3   392.398   1813.23
4   387.38   1765.35
5   381.956   1725.45
6   376.388   1674.91
7   370.862   1631.87
8   365.134   1594.01
9   359.888   1553.68
10   354.004   1520.45
11   348.598   1483.84
12   342.98   1443.77
13   338.098   1406.16
14   333.372   1376.88
15   327.24   1340.72
16   322.078   1309.98
17   317.076   1278.56
18   312.208   1247.83
19   307.388   1219.72
20   302.102   1189.28
21   298.286   1162.96
22   294.354   1135.35
23   288.702   1111.62
24   284.708   1087.07
25   280.66   1061.62
26   276.114   1033.68
27   271.618   1008.74
28   267.716   989.67
29   263.462   965.308
30   260.156   946.304
31   254.622   922.232
32   250.024   900.642
33   247.126   878.752
34   242.074   857.896
35   238.668   832.592
36   234.374   813.14
37   230.45   789.872
38   228.046   770.546
39   222.808   752.156
40   219.794   735.41
41   216.352   716.786
42   211.23   697.188
43   209.152   683.756
44   205.33   662.332
45   201.822   642.606
46   197.484   629.922
47   193.918   612.922
48   190.592   594.1
49   188.258   577.004
50   184.472   565.61
51   180.55   547.798
52   177.658   533.112
53   174   517.964
54   170.78   504.32
55   168.742   497.994
56   164.616   478.24
57   162.236   466.682
58   160.5   454.2
59   156.34   444.17
60   154.574   431.19
61   150.614   420.116
62   148.7   406.134
63   146.072   399.226
64   142.982   385.22
65   140.654   374.768
66   138.296   363.044
67   135.732   355.476
68   132.236   342.87
69   130.854   337.182
70   127.506   324.262
71   125.464   317.838
72   123.358   303.408
73   120.846   298.362
74   119.11   292.948
75   116.63   281.696
76   114.836   276.49
77   111.592   266.066
78   108.56   255.35
79   107.036   249.206
80   104.92   241.136
81   102.754   232.022
82   100.832   226.73
83   99.178   224.246
84   96.776   214.608
85   95.688   207.762
86   93.2   199.324
87   91.006   193.68
88   88.034   188.094
89   86.992   182.402
90   84.586   174.32
91   81.998   169.542
92   80.474   160.502
93   79.486   157.714
94   77.7   152.134
95   76.474   151.118
96   73.66   141.902
97   72.928   139.188
98   71.142   134.524
99   69.574   129.926
100   67.676   126.356
101   65.368   119.414
102   63.974   114.202
103   62.87   111.932
104   60.936   107.986
105   59.56   104.304
106   57.934   98.612
107   56.226   94.806
108   55.9   92.16
109   53.704   88.914
110   53.066   87.326
111   52.02   84.354
112   49.92   79.04
113   48.564   75.564
114   47.304   73.384
115   45.732   69.164
116   44.56   67.892
117   43.074   64.336
118   42.936   63.41
119   41.714   61.052
120   41.056   59.256
121   39.63   56.132
122   37.844   53.182
123   37.026   52.214
124   35.89   48.964
125   34.832   46.994
126   33.92   44.882
127   32.49   43.326
128   32.14   42.254
129   30.526   39.078
130   29.416   37.188
131   28.662   36.344
132   28.494   34.898
133   27.59   33.814
134   26.698   32.404
135   25.458   30.596
136   24.734   29.27
137   23.914   27.958
138   23.494   27.546
139   22.462   25.36
140   21.658   24.4
141   20.48   22.718
142   19.928   22.224
143   19.244   21.024
144   18.784   20.286
145   18.676   20.286
146   17.476   18.328
147   16.47   16.97
148   16.56   17.188
149   15.412   15.792
150   14.784   15.318
151   14.956   15.114
152   13.782   13.884
153   14.162   13.954
154   13.206   12.804
155   12.694   12.338
156   12.388   11.776
157   11.78   11.19
158   11.112   10.44
159   10.498   9.504
160   10.65   9.784
161   10.136   9.126
162   9.774   8.794
163   9.564   8.552
164   8.944   7.742
165   8.204   7.026
166   8.728   7.574
167   8.212   7.04
168   7.76   6.562
169   7.776   6.542
170   7.392   6.216
171   7.174   5.882
172   6.794   5.504
173   6.562   5.29
174   6.576   5.302
175   6.424   5.174
176   5.798   4.542
177   5.732   4.452
178   5.582   4.318
179   5.486   4.286
180   4.648   3.384
181   4.944   3.75
182   4.762   3.582
183   4.764   3.53
184   4.374   3.142
185   4.296   3.138
186   3.972   2.794
187   4.02   2.862
188   3.9   2.768
189   3.932   2.78
190   3.678   2.552
191   3.386   2.252
192   3.398   2.298
193   3.394   2.302
194   3.182   2.106
195   2.954   1.9
196   2.95   1.908
197   2.82   1.792
198   2.682   1.656
199   2.47495   1.46493
