0   407.066   1957.44
1   402.552   1915.71
2   397.486   1859.17
3   393.152   1819.73
4   387.08   1768.93
5   380.972   1727.26
6   376.308   1681.46
7   370.352   1644
8   364.784   1597.83
9   359.018   1561.09
10   354.002   1520.75
11   348.63   1482.44
12   342.514   1448.26
13   337.744   1412.88
14   332.348   1381.53
15   326.696   1343.06
16   320.954   1308.43
17   316.894   1278.77
18   310.666   1250.17
19   307.012   1222.37
20   301.73   1196.04
21   296.618   1166.7
22   291.086   1136.58
23   288.076   1109.36
24   283.578   1084.58
25   278.508   1062.29
26   273.332   1031.3
27   269.074   1008
28   265.338   983.934
29   262.26   962.318
30   257.236   933.548
31   252.472   912.582
32   248.134   896.872
33   244.988   872.89
34   241.352   854.374
35   237.07   833.28
36   234.728   810.408
37   230.498   797.616
38   226.748   778.09
39   223.072   758.312
40   217.828   735.346
41   214.186   717.01
42   210.392   697.4
43   207.93   682.628
44   204.586   664.968
45   201.93   653.714
46   198.312   634.398
47   194.642   617.052
48   192.008   606.664
49   187.56   589.662
50   184.972   575.792
51   182.686   557.238
52   177.964   543.78
53   175.69   532.622
54   173.834   519.096
55   169.76   501.218
56   166.578   492.456
57   164.07   476.426
58   161.578   468.74
59   156.928   454.074
60   154.186   437.44
61   152.008   429.418
62   149.098   417.544
63   146.91   407.23
64   144.392   397.664
65   142.084   388.706
66   138.976   374.576
67   136.94   365.406
68   134.262   354.942
69   130.932   342.06
70   129.126   333.306
71   127.19   325.282
72   124.808   317.732
73   121.118   304.382
74   119.038   297.618
75   116.468   284.364
76   114.816   280.284
77   112.6   274.064
78   110.66   267.532
79   107.878   255.632
80   104.876   247.74
81   103.302   236.6
82   100.824   230.774
83   99.936   228.844
84   96.222   216.04
85   95.134   210.206
86   93.82   206.338
87   90.86   196.274
88   89.55   192.546
89   88.412   186.674
90   84.812   178.542
91   83.598   173.84
92   82.682   171.078
93   80.098   161.872
94   79.118   159.016
95   75.866   151.494
96   75.656   148.862
97   72.588   140.686
98   71.682   138.164
99   69.662   133.068
100   67.748   126.422
101   66.232   123.444
102   65.258   118.808
103   63.152   115.702
104   61.788   110.396
105   60.426   107.15
106   58.364   102.23
107   57.522   99.026
108   55.956   95.588
109   55.24   94.206
110   52.802   89.036
111   51.646   84.788
112   50.412   83.016
113   48.664   77.158
114   48.266   77.322
115   46.046   71.79
116   44.878   68.7
117   44.248   67.592
118   43.154   65.372
119   42.332   62.612
120   40.552   59.476
121   39.48   56.872
122   37.478   52.86
123   36.45   51.452
124   35.322   48.71
125   35.146   48.108
126   33.618   44.982
127   32.264   42.782
128   31.648   41.766
129   30.662   39.83
130   29.814   38.682
131   30.276   38.06
132   28.07   34.992
133   27.28   34.142
134   26.422   32.868
135   25.616   31.728
136   24.944   30.086
137   24.288   29.278
138   23.194   27.084
139   22.144   25.736
140   22.012   25.638
141   20.97   23.802
142   20.548   22.982
143   19.5   21.6
144   18.662   20.224
145   17.614   18.706
146   17.772   18.942
147   16.426   17.228
148   16.454   17.636
149   15.884   16.638
150   15.452   15.686
151   14.898   15.342
152   14.264   14.286
153   13.52   13.196
154   12.868   12.544
155   12.72   12.438
156   12.056   11.592
157   12.026   11.336
158   11.392   10.88
159   10.778   9.844
160   10.788   10.232
161   10.224   9.306
162   9.838   8.914
163   9.676   8.676
164   9.002   8.038
165   8.724   7.508
166   8.512   7.572
167   8.292   7.238
168   7.782   6.56
169   7.61   6.4
170   7.422   6.218
171   7.366   6.222
172   6.768   5.56
173   6.796   5.59
174   6.518   5.32
175   6.544   5.194
176   5.66   4.422
177   5.77   4.496
178   5.696   4.502
179   5.566   4.28
180   5.474   4.2
181   4.756   3.574
182   4.766   3.56
183   4.814   3.606
184   4.474   3.278
185   4.402   3.196
186   4.164   2.984
187   4.086   2.926
188   3.896   2.696
189   3.78   2.636
190   3.58   2.466
191   3.564   2.45
192   3.43   2.328
193   3.276   2.168
194   3.29   2.22
195   2.93   1.898
196   2.882   1.83
197   2.832   1.808
198   2.728   1.716
199   2.37876   1.37876
