0   407.192   1969.8
1   401.936   1905.16
2   396.638   1859.73
3   391.924   1812.94
4   386.288   1761.93
5   380.44   1716.19
6   376.052   1677.61
7   370.182   1637.12
8   365.424   1603.32
9   359.978   1559.86
10   354.594   1534.86
11   349.762   1492.04
12   343.182   1454.01
13   338.566   1417.95
14   333.018   1385.32
15   327.806   1354.41
16   323.078   1316.75
17   317.622   1289.91
18   313.202   1261.31
19   307.528   1230.23
20   302.92   1201.4
21   299.698   1175.81
22   294.4   1148.9
23   289.72   1118.21
24   285.234   1093.43
25   280.386   1070.68
26   276.71   1045.67
27   272.186   1020.17
28   268.19   999.374
29   263.838   975.516
30   259.548   952.38
31   256.656   930.264
32   252.06   909.4
33   247.17   880.934
34   244.158   865.066
35   239.57   847.444
36   236.298   821.742
37   233.082   802.956
38   227.938   783.698
39   224.628   768.11
40   220.252   747.462
41   216.924   725.964
42   212.298   707.652
43   209.924   694.584
44   205.844   680.124
45   202.694   658.634
46   199.694   643.996
47   195.804   623.332
48   193.416   609.06
49   188.416   592.628
50   185.592   578.282
51   182.92   565.138
52   179.074   549.996
53   176.126   533.982
54   171.942   515.654
55   169.564   505.168
56   166.676   496.9
57   164.218   480.116
58   160.708   462.102
59   158.24   456.21
60   154.602   439.812
61   152.54   431.148
62   149.136   414.948
63   146.336   402.322
64   144.034   398.984
65   140.54   381.828
66   138.17   371.666
67   136.604   363.574
68   133.376   349.936
69   132.498   345.652
70   128.93   334.368
71   126.206   322.202
72   124.838   317.45
73   122.056   307
74   119.65   295.518
75   116.7   284.972
76   114.71   279.902
77   112.668   270.476
78   110.044   263.834
79   108.512   258.706
80   105.09   246.908
81   104.102   239.504
82   102.364   233.374
83   99.718   223.744
84   97.636   218.566
85   95.674   211.852
86   93.932   207.478
87   90.556   198.632
88   89.512   193.168
89   87.008   184.132
90   86.02   180.422
91   83.614   172.736
92   82.544   168.942
93   81.264   167.012
94   79.018   157.252
95   75.184   148.992
96   74.804   146.956
97   74.058   145.134
98   70.748   136.156
99   69.304   133.184
100   67.296   125.552
101   66.98   123.9
102   64.678   117.312
103   63.094   114.412
104   61.766   109.87
105   60.128   105.872
106   59.076   103.164
107   58.032   99.606
108   55.348   94.036
109   54.058   90.432
110   52.802   87.274
111   51.966   86.058
112   51.776   83.078
113   48.752   77.296
114   48.006   75.568
115   47.35   75.09
116   46.148   72.392
117   44.454   68
118   43.064   64.27
119   42.292   62.542
120   40.754   59.092
121   40.28   58.026
122   38.458   55.742
123   37.594   53.172
124   36.218   50.382
125   35.242   48.388
126   34.392   46.552
127   33.356   44.438
128   32.504   42.932
129   31.122   40.558
130   30.494   39.576
131   29.67   38.382
132   28.276   36.05
133   27.952   34.924
134   26.916   32.692
135   25.608   30.912
136   24.85   29.624
137   24.308   29.408
138   23.566   27.708
139   22.78   26.208
140   22.308   25.652
141   20.972   23.962
142   20.536   23.232
143   19.392   21.3
144   19.328   21.322
145   18.182   19.332
146   17.636   18.522
147   16.284   16.982
148   16.74   17.488
149   16.116   16.714
150   15.326   15.522
151   15.198   15.512
152   14.31   14.38
153   14.468   14.436
154   13.142   12.758
155   12.926   12.462
156   12.5   12.268
157   11.262   10.634
158   10.998   10.298
159   10.774   9.94
160   10.044   9.274
161   9.818   8.876
162   9.67   8.636
163   9.646   8.652
164   9.728   8.734
165   8.702   7.71
166   8.28   7.244
167   8.3   7.178
168   7.822   6.598
169   7.548   6.412
170   7.182   6.012
171   6.892   5.794
172   6.806   5.478
173   6.692   5.476
174   6.3   5.008
175   6.186   4.938
176   5.996   4.756
177   5.932   4.74
178   5.264   4.056
179   5.362   4.074
180   4.814   3.612
181   4.892   3.638
182   4.862   3.64
183   4.842   3.634
184   4.64   3.428
185   4.286   3.064
186   4.302   3.136
187   3.886   2.748
188   3.986   2.832
189   3.822   2.702
190   3.754   2.628
191   3.522   2.412
192   3.41   2.328
193   3.372   2.27
194   3.118   2.04
195   3.096   2.052
196   2.964   1.92
197   2.902   1.856
198   2.764   1.734
199   2.49499   1.49299
