0   0.112548   0.943942
1   0.124078   0.932535
2   0.139182   0.927423
3   0.153939   0.937482
4   0.169046   0.980197
5   0.181389   0.981825
6   0.182314   1.02297
7   0.211978   1.05339
8   0.218007   1.10453
9   0.252596   1.12305
10   0.252946   1.15502
11   0.244165   1.22132
12   0.259187   1.17568
13   0.288073   1.21457
14   0.308638   1.24907
15   0.338184   1.30355
16   0.351779   1.34341
17   0.381546   1.35536
18   0.397094   1.39114
19   0.388236   1.43314
20   0.424911   1.40683
21   0.426693   1.48736
22   0.435   1.44676
23   0.403866   1.4703
24   0.415225   1.50861
25   0.448304   1.57452
26   0.48024   1.58401
27   0.481229   1.62829
28   0.512968   1.66082
29   0.501459   1.71355
30   0.488021   1.72119
31   0.582955   1.70388
32   0.528477   1.74455
33   0.527948   1.80364
34   0.616419   1.84054
35   0.554711   1.85158
36   0.561574   1.87589
37   0.542092   1.90555
38   0.646762   1.95056
39   0.600014   1.96767
40   0.628788   2.02839
41   0.600718   1.99264
42   0.633731   2.08667
43   0.631042   2.05495
44   0.673776   2.11428
45   0.622932   2.07017
46   0.653843   2.11027
47   0.687271   2.15722
48   0.668972   2.15018
49   0.740242   2.24474
50   0.697505   2.24891
51   0.662342   2.22557
52   0.694884   2.2974
53   0.781347   2.39266
54   0.838958   2.42312
55   0.817197   2.44743
56   0.836672   2.46172
57   0.847189   2.47972
58   0.930569   2.60802
59   0.928085   2.60795
60   0.951757   2.67361
61   0.919793   2.76557
62   0.903986   2.66937
63   1.00029   2.76715
64   1.00883   2.83792
65   1.05081   2.79658
66   0.992959   2.82508
67   1.04172   2.88495
68   1.07264   3.00743
69   1.10465   3.06416
70   1.12261   3.01824
71   1.05506   2.97192
72   1.16719   3.10502
73   1.11124   3.20972
74   1.14265   3.1277
75   1.19264   3.14143
76   1.16993   3.22139
77   1.27807   3.32209
78   1.32017   3.49171
79   1.10597   3.2238
80   1.21941   3.34575
81   1.2905   3.4594
82   1.25029   3.50218
83   1.35383   3.42469
84   1.41352   3.64778
85   1.45853   3.68817
86   1.47676   3.81874
87   1.45817   3.78778
88   1.54976   3.90913
89   1.52497   3.74086
90   1.53299   3.90267
91   1.62841   3.89356
92   1.49978   3.76182
93   1.7352   4.13029
94   1.80495   4.26105
95   1.7442   4.08321
96   1.88584   4.40628
97   1.73579   4.08762
98   1.91795   4.39105
99   1.92001   4.424
100   1.79273   4.32272
101   1.84341   4.35948
102   2.04424   4.62222
103   2.00979   4.57749
104   1.99082   4.65441
105   2.13626   4.53636
106   2.15374   4.61052
107   2.07717   4.52727
108   2.17582   4.86591
109   2.14258   4.68083
110   2.18854   4.68321
111   2.11746   4.81831
112   2.27941   4.78306
113   2.20039   4.72266
114   2.26542   4.82604
115   2.42559   5.11418
116   2.38963   4.91284
117   2.2815   5.04732
118   2.35432   4.86582
119   2.49845   5.21967
120   2.47288   4.92988
121   2.47244   5.01094
122   2.32711   4.78467
123   2.68196   5.19773
124   2.745   5.11147
125   2.85033   5.52054
126   2.74646   5.18347
127   2.73918   5.25174
128   2.78061   5.15561
129   3.09181   5.41194
130   2.82449   5.20073
131   3.0204   5.6316
132   3.17244   5.51536
133   3.06408   5.57849
134   2.891   5.17518
135   3.27832   5.79232
136   3.22055   5.53293
137   3.53259   6.07196
138   3.05457   5.33512
139   3.11987   5.34507
140   3.34521   5.52971
141   3.35383   5.56287
142   3.33291   5.48138
143   3.41979   5.43569
144   3.25929   5.46303
145   3.29419   5.2306
146   3.40357   5.52518
147   3.62137   5.53185
148   3.46075   5.60895
149   3.68234   5.50643
150   3.07312   4.72884
151   3.34601   5.12813
152   3.51037   5.38918
153   3.40821   5.18035
154   3.44791   5.4411
155   3.16105   4.77758
156   3.48447   5.33462
157   3.33714   5.02365
158   3.53478   5.17057
159   3.93593   5.49799
160   3.46751   5.06594
161   3.65578   5.17889
162   3.57646   5.24171
163   3.43755   4.9832
164   3.67767   5.19497
165   3.38896   4.69687
166   3.64641   5.10885
167   3.55467   4.81049
168   3.39362   4.61461
169   3.36832   4.63794
170   3.50923   4.53663
171   3.2794   4.40674
172   3.12248   4.36216
173   3.13378   4.25337
174   3.28093   4.35604
175   3.11672   4.20718
176   3.20932   4.39091
177   2.96   4.00025
178   3.1173   4.32544
179   2.9928   4.13618
180   3.36928   4.5389
181   3.01473   3.80844
182   2.96651   3.86824
183   2.77799   3.62449
184   3.15086   4.073
185   3.07662   4.02662
186   2.94556   4.12756
187   2.67731   3.67773
188   3.04476   4.2038
189   2.69256   3.81717
190   2.72496   3.72537
191   2.46929   3.49355
192   2.70178   3.91005
193   2.71772   3.87899
194   2.58713   3.70049
195   2.38874   3.6026
196   2.50875   3.73529
197   2.23042   3.38622
198   2.43315   3.9404
199   2.09712   3.46963
