0   0.15457   0.993989
1   0.207397   1.11218
2   0.298198   1.31149
3   0.368395   1.46912
4   0.515584   1.70397
5   0.650869   1.81088
6   0.658618   1.81284
7   0.657857   1.80277
8   0.296565   1.28412
9   0.421257   1.55232
10   0.463464   1.67103
11   0.526288   1.86412
12   0.788172   2.28065
13   0.533828   1.83509
14   0.603567   2.08543
15   0.662283   2.21828
16   0.788057   2.47471
17   1.16717   2.90231
18   0.761328   2.40947
19   0.950023   2.80705
20   1.00196   2.94379
21   1.1647   3.22218
22   1.50098   3.52545
23   1.48908   3.41339
24   1.08678   3.14068
25   1.32474   3.58937
26   1.44969   3.77049
27   1.6423   4.02082
28   1.87533   4.14323
29   1.84857   3.88506
30   1.63448   4.04931
31   1.91483   4.45729
32   1.9889   4.55835
33   2.19394   4.69123
34   2.27457   4.68193
35   2.25565   4.61768
36   2.19541   4.02828
37   2.12547   4.74358
38   2.44733   4.93221
39   2.59049   5.0284
40   2.64011   4.91482
41   2.84763   5.23984
42   2.897   4.93431
43   2.80778   4.71671
44   2.56658   4.29018
45   2.27747   2.19437
46   2.76196   4.45729
47   2.47985   3.7759
48   2.16891   3.32455
49   1.62438   0.84563
50   1.92589   2.85541
51   1.30156   1.80857
52   0.897631   0.205871
53   0.810192   0.112167
