0   407.996   1988.78
1   402.994   1926.71
2   398.542   1881.74
3   392.978   1833.86
4   387.736   1783.81
5   382.334   1745.08
6   376.56   1698.98
7   370.672   1661.23
8   365.886   1621.69
9   360.094   1577.89
10   354.508   1538.48
11   350.206   1508.93
12   344.042   1471.29
13   338.648   1438.75
14   333.15   1402.49
15   327.19   1369.27
16   324.124   1337.16
17   318.304   1308.86
18   314.344   1274.71
19   309.512   1247.65
20   304.022   1220.27
21   300.102   1190.18
22   294.606   1161.73
23   289.726   1136.9
24   284.528   1112.86
25   280.652   1079.5
26   276.97   1059.65
27   271.914   1029.42
28   267.528   1003.87
29   262.478   983.17
30   258.616   957.378
31   254.022   941.146
32   250.34   917.902
33   246.604   897.9
34   242.996   874.504
35   239.088   853.344
36   235.918   832.212
37   231.382   808.012
38   227.054   791.558
39   224.174   768.434
40   220.33   755.484
41   216.414   731.564
42   212.79   719.994
43   209.478   699.922
44   205.822   690.444
45   203.162   667.084
46   198.686   652.674
47   195.8   632.666
48   193.496   623.68
49   189.014   601.776
50   186.768   591.658
51   183.714   579.418
52   180.694   561.66
53   177.236   547.556
54   173.766   532.766
55   171.324   516.144
56   167.548   502.712
57   165.422   489.622
58   163.402   480.938
59   158.492   468.5
60   156.978   457.79
61   153.69   442.514
62   150.956   431.946
63   149.168   420.088
64   145.748   409.236
65   143.41   397.686
66   140.446   383.254
67   138.15   377.086
68   135.3   367.34
69   133.08   355.81
70   131.136   342.628
71   128.07   337.186
72   125.452   326.17
73   123.802   316.568
74   121.366   308.11
75   118.624   299.036
76   116.906   292.192
77   114.17   285.274
78   111.594   272.552
79   109.184   264.492
80   106.946   260.782
81   104.912   247.028
82   102.87   242.208
83   100.46   235.67
84   99.738   227.108
85   97.408   222.22
86   95.674   216.128
87   92.874   208.876
88   91.032   199.254
89   89.342   193.134
90   86.224   185.814
91   84.966   180.256
92   82.91   173.576
93   82.648   171.686
94   79.366   163.636
95   77.698   158.852
96   76.614   154.348
97   75.52   149.208
98   73.4   145.412
99   71.992   141.278
100   69.728   135.764
101   67.884   130.64
102   66.454   123.206
103   65.454   122.322
104   63.252   117.118
105   62.93   115.836
106   60.174   106.714
107   58.512   103.754
108   57.434   102.204
109   56.184   98.844
110   55.106   94.906
111   52.86   90.448
112   52.068   86.774
113   49.834   81.704
114   49.774   79.956
115   48.15   78.102
116   45.87   72.972
117   45.074   71.312
118   43.976   68.432
119   43.04   65.26
120   41.18   61.866
121   40.196   60.098
122   40.208   58.916
123   38.372   55.95
124   36.972   53.132
125   36.392   51.716
126   35.312   49.386
127   34.342   47.784
128   33.012   44.644
129   32.126   42.854
130   31.524   42.144
131   29.91   39.318
132   29.568   38.952
133   28.612   36.542
134   27.516   35
135   26.472   33.496
136   25.93   31.474
137   24.822   30.608
138   23.732   28.182
139   23.526   28.084
140   22.686   27.182
141   22.042   25.522
142   21.412   24.558
143   20.532   23.762
144   19.178   21.294
145   18.61   20.444
146   18.634   20.542
147   18.232   20.032
148   16.78   17.868
149   16.43   17.236
150   15.946   16.734
151   15.328   15.952
152   15.09   15.634
153   13.918   13.984
154   13.914   14.002
155   13.59   13.556
156   13.126   12.866
157   12.166   11.614
158   11.53   10.998
159   11.396   10.934
160   10.914   10.126
161   10.938   10.354
162   10.514   9.69
163   9.644   8.876
164   9.078   8.138
165   9.196   8.22
166   8.944   7.996
167   8.372   7.248
168   8.078   7.11
169   7.668   6.438
170   7.824   6.686
171   7.204   5.996
172   7.126   5.922
173   6.738   5.56
174   6.66   5.468
175   6.26   5.13
176   6.31   5.076
177   5.724   4.546
178   5.792   4.578
179   5.452   4.222
180   5.126   3.906
181   4.96   3.724
182   4.97   3.762
183   4.782   3.576
184   4.7   3.492
185   4.404   3.22
186   4.196   3.062
187   4.152   2.972
188   4.12   2.972
189   3.82   2.678
190   3.82   2.676
191   3.586   2.47
192   3.418   2.326
193   3.404   2.284
194   3.218   2.142
195   3.01   1.982
196   2.784   1.738
197   2.79   1.754
198   2.64   1.606
199   2.35671   1.35872
