0   407.024   1954.48
1   402.244   1902.91
2   397.348   1856.99
3   392.198   1813.46
4   386.482   1763.6
5   382.102   1723.44
6   376.958   1682.87
7   371.554   1642.83
8   365.95   1605.34
9   361.014   1567.86
10   355.048   1527.23
11   349.284   1492.3
12   344.218   1450.94
13   339.256   1421.9
14   334.436   1389.1
15   329.798   1353.34
16   324.522   1321.26
17   319.45   1283.88
18   314.646   1259.8
19   309.366   1228.33
20   304.708   1203.4
21   300.422   1175.69
22   295.444   1141.23
23   290.036   1116.03
24   285.348   1091.9
25   280.204   1064.97
26   276.212   1038.11
27   272.09   1017.39
28   268.584   997.26
29   264.47   968.112
30   259.532   945.742
31   255.942   923.862
32   251.336   906.914
33   246.64   887.93
34   244.1   860.788
35   239.694   838.406
36   235.724   817.59
37   231.75   795.962
38   228.066   779.514
39   223.206   758.642
40   220.5   740.816
41   216.698   725.036
42   214.82   705.822
43   209.262   689.758
44   206.432   665.99
45   202.724   654.58
46   199.268   636.754
47   195.34   621.76
48   192.796   604.74
49   189.15   586.822
50   186.056   569.218
51   183.238   560.778
52   178.202   536.446
53   175.938   532.41
54   173.668   516.236
55   170.022   499.27
56   166.236   486.096
57   164.576   475.702
58   160.76   466.664
59   156.62   448.326
60   155.782   438.568
61   152.12   425.94
62   148.794   409.666
63   147.35   401.596
64   144.08   391.19
65   140.794   378.992
66   139.51   370.62
67   136.382   359.014
68   133.134   346.82
69   132.164   341.396
70   128.526   327.376
71   125.236   318.318
72   123.704   309.208
73   121.674   303.872
74   118.69   292.54
75   115.98   282.604
76   113.992   274.432
77   110.642   262.788
78   108.306   254.566
79   108.048   251.654
80   104.868   240.926
81   103.112   239.136
82   101.024   226.842
83   97.772   223.582
84   96.558   211.976
85   94.34   207.176
86   92.382   198.088
87   90.092   193.658
88   87.826   186.922
89   86.336   178.158
90   84.846   175.932
91   82.584   170.06
92   80.896   163.878
93   79.036   160.928
94   77.108   151.616
95   75.622   146.968
96   74.2255   144.293
97   71.4148   136.609
98   70.958   131.924
99   68.722   129.262
100   67.238   124.014
101   66.43   122.774
102   63.428   113.492
103   62.722   111.182
104   61.816   109.332
105   60.024   103.866
106   57.552   100.128
107   56.246   94.616
108   55.754   92.836
109   54.292   90.39
110   52.824   86.642
111   50.738   81.52
112   50.524   80.168
113   48.452   76.818
114   47.492   73.846
115   45.768   70.718
116   45.114   68.638
117   43.796   65.448
118   43.284   64.69
119   41.172   59.25
120   39.29   56.976
121   39.302   55.646
122   37.708   53.214
123   37.43   51.686
124   36.256   49.246
125   34.64   47.146
126   34.284   46.588
127   32.916   42.528
128   31.88   41.59
129   31.004   40.014
130   29.732   38.204
131   28.678   36.11
132   28.76   36.322
133   26.718   33.434
134   26.392   32.382
135   25.338   30.216
136   24.676   28.934
137   23.796   27.768
138   23.488   27.318
139   22.66   26.496
140   21.302   24.468
141   20.522   22.88
142   19.746   21.868
143   19.654   21.534
144   18.782   20.262
145   18.228   19.548
146   17.324   18.322
147   16.89   17.504
148   15.604   15.758
149   15.216   15.478
150   15.226   15.414
151   14.446   14.594
152   13.932   13.632
153   13.18   13.05
154   13.32   13.024
155   12.654   12.138
156   12.176   11.47
157   11.674   10.944
158   10.544   9.558
159   10.56   9.55
160   10.668   9.706
161   9.89   8.984
162   9.606   8.572
163   9.434   8.364
164   8.66   7.57
165   8.39   7.354
166   8.142   6.96
167   7.92   6.708
168   7.704   6.654
169   7.578   6.334
170   7.368   6.12
171   7.02   5.776
172   6.546   5.356
173   6.33   5.076
174   6.462   5.204
175   6.078   4.798
176   6.286   4.982
177   5.864   4.62
178   5.336   4.048
179   5.052   3.854
180   5.168   3.926
181   4.686   3.464
182   4.632   3.394
183   4.524   3.312
184   4.512   3.304
185   4.196   2.954
186   3.94   2.778
187   4.128   2.98
188   4.086   2.938
189   3.64   2.508
190   3.634   2.534
191   3.496   2.414
192   3.44   2.332
193   3.434   2.36
194   3.116   2.032
195   3.022   1.962
196   2.89   1.858
197   2.812   1.774
198   2.604   1.57
199   2.50902   1.501
