0   407.513   1991.5
1   402.958   1937.43
2   398.012   1888.19
3   392.498   1846.86
4   387.216   1797.9
5   381.972   1753.92
6   376.974   1708.07
7   370.3   1674.44
8   364.85   1627.34
9   360.12   1579.49
10   354.59   1549.29
11   348.742   1517.98
12   344.01   1479.08
13   337.59   1438.06
14   332.776   1410.46
15   327.954   1377.37
16   322.69   1341.47
17   317.826   1311.93
18   312.358   1279.54
19   308.642   1246.45
20   302.77   1222.97
21   298.016   1192.24
22   294.398   1167.06
23   288.62   1137.03
24   284.316   1112.2
25   280.816   1087.34
26   276.216   1061.13
27   270.954   1029.4
28   266.598   1008.3
29   263.056   981.438
30   258.868   961.96
31   253.192   938.88
32   250.34   918.114
33   245.998   895.034
34   241.504   874.926
35   237.634   850.474
36   234.058   832.12
37   229.768   808.554
38   226.772   793.66
39   222.79   769.95
40   219.702   751.588
41   215.486   733.43
42   212.882   717.684
43   208.284   702.548
44   204.782   683.588
45   202.472   667.28
46   198.842   650.474
47   195.298   638.282
48   192.656   620.838
49   189.374   605.82
50   184.88   587.622
51   183.648   577.664
52   179.36   560.924
53   175.2   544.2
54   173.148   529.682
55   171.134   519.554
56   167.272   506.76
57   165.176   490.6
58   161.794   480.086
59   158.562   468.206
60   156.654   457.026
61   153.17   440.166
62   150.496   428.994
63   147.542   421.31
64   145.524   409.572
65   142.69   394.652
66   140.152   387.066
67   136.844   373.454
68   135.88   367.52
69   132.632   354.69
70   129.522   344.77
71   127.08   334.512
72   125.006   326.16
73   123.192   315.746
74   120.378   304.54
75   117.358   297.504
76   115.704   288.676
77   112.864   280.87
78   111.756   276.59
79   109.07   262.774
80   106.366   255.502
81   104.596   249.122
82   102.042   241.092
83   99.272   230.33
84   98.842   226.82
85   96.972   222.922
86   94.118   211.54
87   91.754   206.092
88   90.242   200.058
89   88.15   192.492
90   86.04   188.02
91   84.028   179.23
92   82.102   173.8
93   80.068   169.382
94   78.782   162.81
95   77.506   156.912
96   75.154   152.144
97   73.244   147.068
98   71.99   142.316
99   70.72   136.862
100   68.212   131.816
101   66.966   127.624
102   66.6607   125.204
103   64.2485   118.505
104   62.612   113.92
105   61.352   111.722
106   58.886   105.226
107   58.236   103.756
108   57.072   99.244
109   54.714   93.83
110   53.648   91.614
111   52.13   88.686
112   51.818   87.424
113   49.692   82.784
114   48.656   79.984
115   47.754   77.338
116   46.07   72.744
117   44.744   69.78
118   43.092   66.948
119   42.01   65.79
120   40.728   61.114
121   40.96   60.638
122   38.874   58.076
123   37.506   55.042
124   36.828   52.356
125   36.062   52.032
126   34.772   48.818
127   32.57   44.376
128   32.284   43.462
129   32.036   42.79
130   30.618   39.986
131   29.972   39.632
132   28.79   37.268
133   28.25   36.386
134   27.424   35.498
135   26.496   33.324
136   25.694   31.814
137   25.268   31.408
138   23.636   28.62
139   22.488   26.44
140   21.778   25.648
141   21.144   24.246
142   20.856   23.85
143   19.922   22.244
144   20.148   22.878
145   18.47   20.558
146   18.402   19.98
147   17.074   18.402
148   16.894   18.034
149   16.35   17.362
150   15.562   16.032
151   14.814   15.134
152   14.328   14.632
153   13.992   13.932
154   13.358   13.376
155   12.672   12.486
156   13.044   12.942
157   12.216   11.584
158   11.876   11.534
159   11.232   10.676
160   11.002   10.43
161   10.662   9.93
162   10.104   9.218
163   9.93   9.11
164   9.456   8.58
165   9.054   8.128
166   8.352   7.32
167   8.054   6.954
168   7.994   6.806
169   7.632   6.52
170   7.864   6.672
171   7.538   6.442
172   6.844   5.648
173   6.732   5.458
174   6.538   5.434
175   6.414   5.242
176   5.978   4.736
177   5.874   4.634
178   5.5   4.306
179   5.554   4.322
180   4.914   3.706
181   5   3.792
182   4.718   3.582
183   4.626   3.516
184   4.348   3.182
185   4.356   3.198
186   4.244   3.076
187   4.008   2.882
188   3.876   2.712
189   3.616   2.492
190   3.622   2.512
191   3.53   2.44
192   3.502   2.418
193   3.268   2.192
194   3.186   2.122
195   3.144   2.096
196   2.978   1.924
197   2.794   1.774
198   2.64   1.622
199   2.53507   1.53307
