0   407.523   1980.51
1   402.654   1930.94
2   397.964   1877.71
3   393.366   1834.35
4   387.724   1788.18
5   381.788   1744.72
6   376.512   1697.1
7   371.04   1660.12
8   365.878   1615.17
9   360.782   1583.63
10   354.158   1537.65
11   348.3   1504.51
12   343.84   1466.8
13   337.772   1427.06
14   333.492   1391.1
15   328.092   1359.43
16   323.124   1327.14
17   318.042   1300.35
18   312.922   1265.74
19   307.97   1235.15
20   303.54   1209.3
21   298.804   1174.6
22   293.622   1151.16
23   290.138   1126.77
24   283.85   1097.79
25   279.092   1070.74
26   276.226   1046.7
27   271.61   1022.9
28   267.588   999.97
29   262.684   972.724
30   258.992   949.142
31   254.004   926.696
32   250.902   902.498
33   245.958   883.362
34   242.032   863.144
35   239.232   846.19
36   233.852   823.826
37   231.018   799.012
38   227.21   782.336
39   223.744   765.888
40   219.148   744.656
41   215.532   726.854
42   212.992   708.542
43   208.25   686.784
44   206.004   672.67
45   202.16   654.728
46   198.852   639.952
47   195.228   622.582
48   191.37   609.806
49   188.774   590.624
50   185.886   575.476
51   182.116   563.75
52   179.108   549.596
53   176.148   532.48
54   173.602   522.834
55   169.62   510.89
56   167.602   491.938
57   163.29   481.382
58   160.842   465.656
59   158.126   458.036
60   156.142   442.818
61   151.958   430.94
62   150.378   423.576
63   147.23   405.724
64   144.9   393.552
65   141.094   381.956
66   138.66   373.78
67   135.954   361.718
68   134.302   353.43
69   131.666   342.584
70   129.048   333.758
71   126.408   322.598
72   123.638   312.84
73   121.756   306.124
74   119.288   294.67
75   116.164   282.934
76   113.762   275.31
77   110.556   269.228
78   109.9   260.846
79   108.168   255.094
80   105.884   247.214
81   103.322   238.99
82   101.47   231.466
83   99.234   220.88
84   95.988   216.136
85   94.278   208.472
86   92.42   201.578
87   89.256   193.196
88   88.43   188.998
89   85.742   182.082
90   84.874   176.192
91   82.742   170.678
92   80.858   163.842
93   79.064   156.622
94   78.422   157.28
95   75.324   148.84
96   73.654   143.43
97   72.238   138.432
98   69.876   131.846
99   69.342   129.468
100   67.78   127.006
101   65.456   121.122
102   64.86   117.5
103   63.294   112.186
104   61.576   110.542
105   59.768   105.284
106   56.848   97.048
107   57.388   98.166
108   54.78   92.4
109   54.008   90.218
110   53.23   88.458
111   51.76   85.622
112   50.048   80.274
113   49.346   78.028
114   47.268   75.282
115   46.796   71.642
116   44.894   68.672
117   43.616   66.544
118   41.982   62.64
119   41.232   61.34
120   39.88   58.224
121   38.988   55.722
122   37.204   52.136
123   36.616   50.974
124   35.61   49.122
125   34.804   47.872
126   33.4531   45.515
127   32.2745   42.477
128   30.828   40.854
129   30.494   40.39
130   28.732   37.066
131   29.52   38.526
132   28.06   35.292
133   26.648   32.89
134   26.964   33.146
135   24.69   29.426
136   24.654   29.548
137   23.936   28.114
138   22.2   25.708
139   21.942   25.264
140   21.61   24.494
141   20.434   23.078
142   19.686   22.038
143   19.356   21.088
144   18.94   20.674
145   18.08   19.308
146   17.31   18.468
147   16.806   17.618
148   16.484   17.252
149   15.24   15.864
150   15.306   15.734
151   14.454   14.768
152   14   13.95
153   13.556   13.314
154   12.596   12.21
155   12.626   12.21
156   12.162   11.806
157   12.254   11.758
158   11.402   10.558
159   10.874   10.188
160   10.388   9.492
161   10.226   9.276
162   9.762   8.85
163   9.11   7.94
164   9.034   7.982
165   8.87   7.686
166   8.47   7.436
167   7.8   6.626
168   7.528   6.358
169   6.992   5.77
170   7.244   6.108
171   6.99   5.798
172   6.654   5.362
173   6.642   5.394
174   6.546   5.378
175   5.968   4.768
176   5.75   4.518
177   5.654   4.438
178   5.33   4.042
179   5.376   4.082
180   5.168   3.974
181   4.874   3.672
182   4.58   3.376
183   4.702   3.506
184   4.496   3.316
185   4.434   3.284
186   4.198   3.002
187   4.108   2.938
188   3.944   2.826
189   3.696   2.544
190   3.604   2.508
191   3.546   2.43
192   3.376   2.252
193   3.52   2.428
194   3.162   2.096
195   2.994   1.93
196   2.982   1.922
197   2.852   1.814
198   2.67   1.638
199   2.49699   1.49299
