0   407.535   1978.34
1   402.43   1928.04
2   398   1877.05
3   392.754   1833.61
4   387.322   1786.39
5   382.038   1737.4
6   376.158   1695.79
7   370.68   1659.69
8   365.514   1613.62
9   360.278   1578.75
10   355.086   1544.63
11   349.316   1506.97
12   343.682   1469.73
13   338.136   1434.18
14   333.982   1407.14
15   328.968   1371.48
16   323.842   1335.86
17   319.092   1307.16
18   313.448   1273.52
19   308.37   1247.65
20   304.766   1214.44
21   299.416   1189.34
22   294.408   1165.32
23   288.822   1137
24   284.63   1105.2
25   280.118   1074.31
26   276.1   1053.98
27   273.314   1027.03
28   267.426   1006.31
29   262.778   979.708
30   258.672   955.862
31   255.058   935.188
32   251.21   915.332
33   246.58   888.848
34   243.362   867.4
35   238.586   850.062
36   234.286   823.914
37   231.458   811.696
38   227.084   791.072
39   223.234   770.852
40   218.918   749.142
41   216.14   730.756
42   211.458   714.854
43   208.472   697.378
44   204.764   680.968
45   201.274   663.622
46   199.088   644.55
47   195.496   634.442
48   191.088   611.62
49   188.774   594.934
50   185.63   584.818
51   182.242   571.758
52   180.002   555.896
53   177.12   546.086
54   173.646   529.532
55   170.866   515.3
56   166.436   497.376
57   165.678   492.828
58   162.532   479.65
59   158.328   460.438
60   155.36   444.744
61   152.76   436.442
62   149.942   427.146
63   147.692   414.15
64   144.082   399.818
65   142.288   389.802
66   139.556   379.604
67   135.982   370.134
68   134.584   359.084
69   131.796   348.386
70   129.846   342.324
71   127.64   328.852
72   124.928   318.966
73   122.494   310.444
74   120.494   305.828
75   117.318   293.832
76   115.28   290.248
77   112.804   275.842
78   111.342   269.754
79   108.056   260.286
80   105.324   250.4
81   103.6   243.32
82   101.112   233.714
83   100.102   230.258
84   97.97   222.162
85   96.45   216.764
86   94.252   208.786
87   90.512   200.152
88   89.238   194.868
89   87.774   189.832
90   86.748   187.806
91   84.426   177
92   82.416   172.196
93   80.206   166.496
94   79.35   162.462
95   76.852   153.708
96   75.038   149.896
97   73.42   144.736
98   72.032   140.258
99   70.64   136.364
100   68.902   131.858
101   66.78   125.766
102   65.822   122.974
103   63.616   118.296
104   62.524   112.694
105   60.4   107.84
106   60.988   108.986
107   57.824   100.84
108   57.106   100.04
109   54.614   91.716
110   55.094   93.87
111   53.088   90.254
112   50.626   83.082
113   50.9   83.682
114   48.7   77.806
115   46.88   74.756
116   45.48   71.65
117   44.414   68.604
118   43.156   65.34
119   42.242   63.576
120   40.958   60.878
121   40.006   58.858
122   38.832   57.044
123   38.472   54.878
124   36.96   52.884
125   35.416   49.836
126   34.486   48.388
127   33.53   46.214
128   33.448   44.972
129   32.056   42.514
130   30.732   40.774
131   29.964   38.792
132   29.176   37.434
133   27.194   34.69
134   26.948   34.03
135   26.15   32.68
136   25.752   31.824
137   25.07   30.606
138   23.184   27.644
139   23.324   27.27
140   22.654   26.06
141   21.626   24.488
142   20.966   23.99
143   19.88   22.402
144   19.34   21.802
145   18.64   20.714
146   18.18   19.57
147   17.432   18.654
148   17.474   18.384
149   16.482   17.082
150   15.948   16.708
151   15.212   15.636
152   15.248   15.684
153   13.942   14.022
154   13.67   13.842
155   13.172   12.89
156   11.98   11.492
157   12.912   12.518
158   11.72   11.264
159   11.162   10.514
160   10.86   9.984
161   10.722   9.948
162   9.98   9.202
163   9.514   8.596
164   9.1   8.286
165   8.756   7.79
166   9.014   8.026
167   8.2   7.116
168   8.23   7.078
169   7.548   6.334
170   7.364   6.194
171   7.07   5.828
172   6.81836   5.5489
173   6.86573   5.66533
174   6.474   5.39
175   6.108   4.91
176   5.858   4.708
177   5.896   4.7
178   5.43   4.268
179   5.25   4.098
180   5.474   4.238
181   5.134   3.916
182   4.922   3.75
183   4.724   3.576
184   4.658   3.462
185   4.52   3.328
186   4.262   3.092
187   4.206   3.058
188   3.822   2.692
189   4.008   2.852
190   3.6   2.454
191   3.43   2.32
192   3.248   2.176
193   3.282   2.182
194   3.254   2.18
195   3.032   1.956
196   2.934   1.884
197   2.804   1.784
198   2.694   1.676
199   2.47896   1.46693
