0   407.269   1967.1
1   402.746   1911.1
2   397.75   1864.75
3   392.22   1818.37
4   387.406   1777.07
5   381.13   1729.89
6   375.858   1680.89
7   370.252   1640
8   364.948   1607.35
9   359.78   1568.5
10   354.464   1528.11
11   348.448   1494.66
12   344.072   1457.99
13   339.478   1430.79
14   334.38   1396.08
15   329.55   1362.16
16   324.332   1331.91
17   319.59   1301.34
18   314.912   1275.65
19   310.478   1239.25
20   304.43   1218.89
21   300.502   1187
22   294.984   1161.6
23   291.776   1132.94
24   286.416   1109
25   282.242   1084.53
26   278.798   1060.86
27   273.33   1036.53
28   270.414   1005.52
29   266.424   990.658
30   262.362   966.008
31   256.576   944.776
32   253.288   918.152
33   248.41   897.58
34   244.496   872.772
35   240.424   857.664
36   237.416   832.358
37   232.692   815.316
38   229.126   796.186
39   225.766   777.92
40   221.656   757.15
41   218.78   738.482
42   214.92   721.678
43   211.236   704.016
44   207.954   688.578
45   202.608   659.628
46   199.99   651.404
47   196.862   629.964
48   192.994   617.698
49   190.266   606.578
50   187.806   588.812
51   183.276   570.358
52   180.902   556.462
53   177.666   545.126
54   174.324   531.73
55   171.446   512.906
56   167.726   501.744
57   164.43   487.622
58   161.632   472.526
59   158.632   462.666
60   156.392   448.868
61   153.006   431.392
62   149.544   422.468
63   148.214   410.668
64   145.39   400.126
65   141.46   387.712
66   139.032   375.406
67   136.758   369.758
68   134.236   356.184
69   131.676   349.714
70   129.23   337.208
71   126.702   323.728
72   123.326   316.742
73   122.192   308.25
74   120.194   299.074
75   117.408   289.682
76   115.432   282.504
77   112.606   270.544
78   109.88   263.54
79   107.66   256.364
80   105.454   248.268
81   103.208   239.402
82   102   237.524
83   99.044   225.858
84   97.316   220.244
85   94.916   211.248
86   93.13   206.91
87   92.004   199.624
88   89.926   195.57
89   87.538   187.716
90   85.81   182.606
91   84.028   174.934
92   82.678   171.38
93   80.964   165.932
94   78.344   158.876
95   76.318   152.312
96   74.282   145.574
97   72.416   142.956
98   71.268   136.818
99   70.108   135.084
100   66.896   126.406
101   65.86   120.958
102   65.794   122.54
103   62.714   114.25
104   61.786   110.504
105   60.126   105.352
106   58.412   104.266
107   57.008   97.412
108   55.242   93.584
109   53.922   91.334
110   53.37   90.636
111   51.48   84.272
112   50.598   82.908
113   49.192   78.91
114   48.592   77.218
115   46.842   73.318
116   45.942   72.276
117   43.054   65.88
118   42.468   63.784
119   41.984   61.496
120   41.592   60.816
121   39.402   58.064
122   38.574   55.664
123   37.324   53.46
124   36.89   51.43
125   35.06   48.822
126   35.002   48.1
127   32.17   42.83
128   31.514   41.688
129   30.71   39.956
130   29.928   38.496
131   29.684   38.26
132   28.292   35.818
133   26.712   33.566
134   26.44   32.46
135   26.046   32.072
136   23.864   28.666
137   23.836   28.114
138   22.78   26.496
139   22.632   26.426
140   21.568   24.452
141   21.052   23.916
142   20.322   22.834
143   20.098   22.696
144   19.024   20.75
145   18.278   19.754
146   17.95   19.218
147   17.404   18.216
148   16.442   17.364
149   15.534   16.246
150   15.428   15.834
151   14.982   14.968
152   14.458   14.67
153   14.052   13.878
154   12.932   12.566
155   12.676   12.43
156   12.804   12.08
157   11.93   11.406
158   11.572   10.892
159   11.244   10.434
160   10.604   9.872
161   10.09   9.182
162   9.682   8.64
163   9.754   8.802
164   9.26   8.144
165   8.868   7.83
166   8.026   6.852
167   8.366   7.242
168   7.876   6.828
169   7.154   5.992
170   7.542   6.392
171   7.194   5.976
172   6.818   5.542
173   6.564   5.348
174   6.37   5.134
175   6.142   4.92
176   5.908   4.696
177   5.562   4.366
178   5.732   4.464
179   5.218   3.918
180   5.25   4.07
181   5.092   3.894
182   4.874   3.636
183   4.716   3.546
184   4.496   3.258
185   4.134   2.964
186   4.252   3.088
187   4.16   2.996
188   3.826   2.7
189   3.678   2.564
190   3.788   2.66
191   3.482   2.364
192   3.334   2.26
193   3.332   2.284
194   3.244   2.186
195   3.062   1.998
196   2.942   1.888
197   2.782   1.732
198   2.676   1.664
199   2.40281   1.3988
