|    PAMinimumBias1   |     15812     |    4.318     |  355594  | 16910  |       0.044       |        0.935        |
|    PAMinimumBias2   |     15813     |    4.316     |  355587  | 16910  |       0.044       |        0.935        |
|    PAMinimumBias3   |     15813     |    4.317     |  355588  | 13997  |       0.044       |        1.130        |
|    PAMinimumBias4   |     15814     |    4.318     |  355595  | 13997  |       0.044       |        1.130        |
|    PAMinimumBias5   |     15808     |    4.316     |  355488  | 13994  |       0.044       |        1.130        |
|    PAMinimumBias6   |     14876     |    4.317     |  335658  | 13208  |       0.044       |        1.126        |
|    PAMinimumBias7   |     14873     |    4.319     |  335612  | 13207  |       0.044       |        1.126        |
|    PAMinimumBias8   |     14873     |    4.314     |  335616  | 13207  |       0.044       |        1.126        |
|    PAMinimumBias9   |      3287     |    4.314     |  71293   |  2640  |       0.046       |        1.245        |
|   PAMinimumBias10   |      4222     |    4.316     |  91229   |  3429  |       0.046       |        1.232        |
|   PAMinimumBias11   |      3287     |    4.316     |  71326   |  2641  |       0.046       |        1.245        |
|   PAMinimumBias12   |      4223     |    4.316     |  91254   |  3430  |       0.046       |        1.231        |
|   PAMinimumBias13   |      4220     |    4.316     |  91185   |  3427  |       0.046       |        1.232        |
|   PAMinimumBias14   |      4221     |    4.316     |  91182   |  3427  |       0.046       |        1.232        |
|   PAMinimumBias15   |      4223     |    4.315     |  91224   |  3429  |       0.046       |        1.232        |
|   PAMinimumBias16   |      2564     |    4.315     |  55055   |  3429  |       0.047       |        0.748        |
|   PAMinimumBias17   |      2161     |    4.315     |  46543   |  1736  |       0.046       |        1.245        |
|   PAMinimumBias18   |      2007     |    4.316     |  43274   |  1736  |       0.046       |        1.156        |
|   PAMinimumBias19   |      2009     |    4.317     |  43276   |  1587  |       0.046       |        1.266        |
|   PAMinimumBias20   |      1870     |    4.314     |  40312   |  1460  |       0.046       |        1.281        |
|   PAMinimumBiasBkg  |      9290     |    4.317     |  213945  | 16910  |       0.043       |        0.549        |
| PAHighMultiplicity0 |     29632     |    4.311     |  271891  | 13196  |       0.109       |        2.246        |
| PAHighMultiplicity1 |      9998     |    4.314     |  69385   | 13189  |       0.144       |        0.758        |
| PAHighMultiplicity2 |      9999     |    4.312     |  69388   | 13189  |       0.144       |        0.758        |
| PAHighMultiplicity3 |     10000     |    4.313     |  69397   | 13189  |       0.144       |        0.758        |
| PAHighMultiplicity4 |     10000     |    4.311     |  69396   | 13189  |       0.144       |        0.758        |
| PAHighMultiplicity5 |     10000     |    4.313     |  69398   | 13189  |       0.144       |        0.758        |
| PAHighMultiplicity6 |      9999     |    4.311     |  69391   | 13189  |       0.144       |        0.758        |
| PAHighMultiplicity7 |      9403     |    4.308     |  57015   | 13196  |       0.165       |        0.713        |
|      PADTrack1      |     34620     |    4.309     |  419860  | 15988  |       0.082       |        2.165        |
|     PADoubleMuon    |      7968     |    4.306     |  79254   | 15646  |       0.101       |        0.509        |
|       PAEGJet1      |     29340     |    4.881     |  328094  | 15990  |       0.089       |        1.835        |
|      PAForward      |     10980     |    4.315     |  203203  | 15558  |       0.054       |        0.706        |
|     PASingleMuon    |     18661     |    4.310     |  201863  | 14760  |       0.092       |        1.264        |
|       PACastor      |      2224     |    4.316     |  47821   | 31078  |       0.047       |        0.072        |
|      PADTrack2      |     14125     |    4.303     |  190211  | 11281  |       0.074       |        1.252        |
|      PAEmptyBX      |      154      |    0.894     |  17802   | 16024  |       0.009       |        0.010        |
|      RPCMonitor     |       0       |    0.000     |    0     |   0    |         0         |          0          |
| TestEnablesEcalHcal |       0       |    0.000     |    0     |   0    |         0         |          0          |
|        NoBPTX       |      118      |    1.684     |   7023   |  7880  |       0.017       |        0.015        |
|     MinimumBias     |       16      |    0.572     |   3127   | 15666  |       0.005       |        0.001        |
|       L1Accept      |       0       |    0.000     |    0     |   0    |         0         |          0          |
|       HcalNZS       |       0       |    0.023     |    5     | 33634  |       0.138       |        0.000        |
|      HLTPhysics     |      137      |    4.201     |   3276   | 24372  |       0.042       |        0.006        |
|       Cosmics       |      192      |    1.821     |  11005   | 15940  |       0.018       |        0.012        |
|      AlCaPhiSym     |       0       |    0.000     |    0     |   0    |         0         |          0          |
|        AlCaP0       |       0       |    0.000     |    0     |   0    |         0         |          0          |
|    AlCaLumiPixels   |       0       |    0.000     |    0     |   0    |         0         |          0          |
|       ZeroBias      |      294      |    1.075     |  47818   | 17298  |       0.006       |        0.017        |
|         Sum         |     389147    |    4.881     | 6131480  | 521352 |       0.063       |        0.746        |
