|    PAMinimumBias1   |     58379     |    9.902     |  455172  | 21119  |       0.128       |        2.764        |
|    PAMinimumBias2   |     58382     |    9.868     |  455197  | 21120  |       0.128       |        2.764        |
|    PAMinimumBias3   |     58439     |    9.877     |  455638  | 17625  |       0.128       |        3.316        |
|    PAMinimumBias4   |     58460     |    9.920     |  455804  | 17631  |       0.128       |        3.316        |
|    PAMinimumBias5   |     58436     |    9.913     |  455618  | 17627  |       0.128       |        3.315        |
|    PAMinimumBias6   |     58439     |    9.891     |  455635  | 17627  |       0.128       |        3.315        |
|    PAMinimumBias7   |     58892     |    9.917     |  459111  | 17754  |       0.128       |        3.317        |
|    PAMinimumBias8   |     58896     |    9.902     |  459142  | 17755  |       0.128       |        3.317        |
|    PAMinimumBias9   |     25473     |    5.112     |  193474  |  7139  |       0.132       |        3.568        |
|   PAMinimumBias10   |     25529     |    5.122     |  193922  |  7155  |       0.132       |        3.568        |
|   PAMinimumBias11   |     25250     |    5.137     |  191781  |  7077  |       0.132       |        3.568        |
|   PAMinimumBias12   |     25249     |    5.134     |  191782  |  7077  |       0.132       |        3.568        |
|   PAMinimumBias13   |     25849     |    5.132     |  196373  |  7245  |       0.132       |        3.568        |
|   PAMinimumBias14   |     25786     |    5.129     |  195896  |  7227  |       0.132       |        3.568        |
|   PAMinimumBias15   |     26542     |    7.231     |  201765  |  7453  |       0.132       |        3.561        |
|   PAMinimumBias16   |     21591     |    5.112     |  164414  |  7011  |       0.131       |        3.080        |
|   PAMinimumBias17   |     18514     |    7.190     |  141239  |  5168  |       0.131       |        3.582        |
|   PAMinimumBias18   |     16486     |    5.125     |  125761  |  4875  |       0.131       |        3.382        |
|   PAMinimumBias19   |     15160     |    7.205     |  115546  |  4175  |       0.131       |        3.631        |
|   PAMinimumBias20   |     12215     |    5.129     |  92735   |  4101  |       0.132       |        2.979        |
|   PAMinimumBiasBkg  |     34490     |    5.774     |  273902  | 20982  |       0.126       |        1.644        |
| PAHighMultiplicity0 |     89461     |    8.109     |  395818  | 18120  |       0.226       |        4.937        |
| PAHighMultiplicity1 |     28920     |    4.505     |  107284  | 17741  |       0.270       |        1.630        |
| PAHighMultiplicity2 |     28923     |    4.504     |  107299  | 17742  |       0.270       |        1.630        |
| PAHighMultiplicity3 |     28735     |    4.506     |  106593  | 17665  |       0.270       |        1.627        |
| PAHighMultiplicity4 |     28913     |    4.505     |  107250  | 17769  |       0.270       |        1.627        |
| PAHighMultiplicity5 |     28851     |    4.505     |  107018  | 17742  |       0.270       |        1.626        |
| PAHighMultiplicity6 |     28852     |    4.505     |  107022  | 17742  |       0.270       |        1.626        |
| PAHighMultiplicity7 |     21670     |    5.686     |  71534   | 17396  |       0.303       |        1.246        |
|      PADTrack1      |     100416    |    8.897     |  549046  | 20615  |       0.183       |        4.871        |
|     PADoubleMuon    |     19773     |    6.267     |  105769  | 19377  |       0.187       |        1.020        |
|       PAEGJet1      |     81585     |    8.667     |  451747  | 20476  |       0.181       |        3.984        |
|      PAForward      |     48088     |    7.388     |  357096  | 21020  |       0.135       |        2.288        |
|     PASingleMuon    |     53729     |    6.404     |  301374  | 20172  |       0.178       |        2.664        |
|       PACastor      |      6328     |    6.884     |  53062   | 40545  |       0.119       |        0.156        |
|      PADTrack2      |     44428     |    7.494     |  255311  | 15044  |       0.174       |        2.953        |
|      PAEmptyBX      |      1560     |    6.481     |  23517   | 21028  |       0.066       |        0.074        |
| TestEnablesEcalHcal |      2567     |    7.527     |  97461   | 42413  |       0.026       |        0.061        |
|        NoBPTX       |      421      |    3.990     |   7611   |  9752  |       0.055       |        0.043        |
|     MinimumBias     |      190      |    4.289     |   4092   | 20475  |       0.047       |        0.009        |
|       L1Accept      |       9       |    0.341     |  11889   | 20336  |       0.001       |        0.000        |
|       HcalNZS       |       0       |    0.047     |    6     | 41689  |       0.141       |        0.000        |
|      HLTPhysics     |      646      |    4.281     |   4334   | 31824  |       0.149       |        0.020        |
|       Cosmics       |      714      |    5.865     |  12893   | 20475  |       0.055       |        0.035        |
|      AlCaPhiSym     |      120      |    3.960     |  181967  | 21971  |       0.001       |        0.005        |
|        AlCaP0       |      450      |    4.287     |  466709  | 18189  |       0.001       |        0.025        |
|    AlCaLumiPixels   |      4455     |    6.667     |  884744  | 41377  |       0.005       |        0.108        |
|       ZeroBias      |      3743     |    7.032     |  54186   | 21315  |       0.069       |        0.176        |
|         Sum         |    1422830    |    9.920     | 11099581 | 883220 |       0.128       |        1.611        |
