0   406.685   1960.29
1   401.918   1909.52
2   397.122   1860.22
3   392.05   1808.79
4   386.514   1763.94
5   381.332   1722.47
6   375.626   1674.63
7   371.056   1631.8
8   364.692   1590.42
9   359.492   1558.33
10   355.128   1525.05
11   348.404   1481.54
12   343.608   1445.81
13   337.89   1412.81
14   333.286   1375.43
15   327.784   1339.95
16   323.11   1308.74
17   318.158   1275.11
18   313.178   1246.81
19   308.068   1221.44
20   303.476   1186.22
21   298.316   1165.16
22   293.526   1138.03
23   289.49   1107.87
24   283.736   1084.57
25   280.326   1056.23
26   275.148   1036.1
27   271.218   1004.23
28   267.442   980.286
29   263.39   955.306
30   259.044   933.644
31   255.08   908.156
32   250.342   890.798
33   246.404   863.634
34   242.092   848.198
35   238.38   821.968
36   232.948   801.84
37   229.12   781.712
38   225.198   761.772
39   222.612   739.24
40   218.224   720.238
41   214.228   707.056
42   210.658   685.448
43   208.168   668.678
44   204.026   647.476
45   201.444   638.522
46   196.738   621.564
47   194.148   602.316
48   190.822   587.39
49   186.622   572.31
50   184.25   558.012
51   181.03   548.784
52   178.704   531.278
53   173.798   511.46
54   170.866   500.714
55   168.306   481.466
56   164.91   472.574
57   161.77   460.468
58   158.196   444.442
59   156.434   436.222
60   153.38   419.218
61   150.904   411.408
62   147.628   402.21
63   145.098   385.468
64   143.052   376.062
65   139.69   366.858
66   136.606   356.454
67   133.628   341.928
68   131.828   335.594
69   128.864   326.546
70   127.196   318.544
71   124.216   309.008
72   121.682   302.128
73   119.65   288.448
74   117.74   280.186
75   115.46   274.798
76   112.852   265.282
77   110.866   258.532
78   108.334   248.002
79   106.382   241.992
80   103.396   229.954
81   101.872   225.378
82   100.546   218.398
83   97.628   209.61
84   95.41   203.674
85   94.39   200.818
86   91.818   192.588
87   89.12   185.578
88   88.038   181.602
89   85.866   175.87
90   83.742   168.848
91   82.518   165.094
92   80.086   158.154
93   78.564   150.89
94   76.536   147.986
95   74.784   142.546
96   72.798   136.974
97   71.684   134.814
98   69.664   128.486
99   67.346   120.79
100   66.674   116.902
101   63.752   112.68
102   63.532   109.384
103   61.738   106.49
104   59.75   101.706
105   58.374   98.396
106   57.64   95.478
107   56.402   92.492
108   53.6   85.354
109   52.354   83.982
110   52.07   82.732
111   50.29   78.538
112   48.168   74.92
113   47.718   72.686
114   46.204   69.176
115   44.582   65.252
116   43.474   63.584
117   41.86   59.804
118   41.09   58.726
119   39.702   55.6
120   37.884   53
121   37.996   52.08
122   36.422   49.774
123   35.212   47.63
124   34.306   45.274
125   33.746   44.324
126   31.518   40.222
127   31.318   40.488
128   29.57   37.476
129   28.376   35.302
130   28.456   34.678
131   27.606   33.654
132   27.128   33.004
133   26.372   31.164
134   24.83   29.21
135   25.04   29.318
136   23.282   26.986
137   21.776   24.724
138   22.258   24.716
139   21.282   23.696
140   20.818   22.992
141   19.628   21.288
142   18.916   20.096
143   18.548   19.776
144   17.874   18.574
145   17.534   18.288
146   16.968   17.382
147   16.392   16.836
148   15.49   15.644
149   14.488   14.152
150   14.032   13.788
151   14.254   13.93
152   14.046   13.608
153   12.672   11.908
154   12.54   11.848
155   11.756   10.938
156   11.414   10.508
157   11.538   10.588
158   11.288   10.544
159   10.71   9.824
160   9.526   8.49
161   9.718   8.506
162   9.346   8.148
163   9.206   8.03
164   8.856   7.652
165   8.294   6.946
166   8.152   6.882
167   7.822   6.562
168   7.678   6.474
169   7.302   6
170   7.026   5.828
171   7.004   5.764
172   6.536   5.16
173   6.346   5.058
174   6.24   4.91
175   6.184   4.926
176   5.664   4.406
177   5.446   4.244
178   5.066   3.836
179   5.346   4.09
180   4.98   3.754
181   4.884   3.628
182   4.68   3.486
183   4.72   3.464
184   4.548   3.34
185   4.572   3.38
186   4.064   2.88
187   4   2.82
188   3.98   2.802
189   3.772   2.61
190   3.91   2.748
191   3.64   2.524
192   3.454   2.354
193   3.28   2.228
194   3.31   2.264
195   3.032   1.99
196   3   1.94
197   2.876   1.83
198   2.834   1.81
199   2.47695   1.46493
