0   407.429   1997.98
1   403.028   1945.98
2   398.472   1892.13
3   392.728   1838.94
4   387.348   1801.02
5   381.812   1759.84
6   376.572   1711.74
7   371.452   1674.08
8   365.378   1632.63
9   361.066   1596.68
10   354.484   1553.09
11   349.15   1516.55
12   343.85   1479.54
13   339.036   1440.87
14   333.694   1410.7
15   328.722   1381.83
16   324.066   1346.52
17   319.544   1309.23
18   315.038   1278.58
19   309.672   1249.22
20   305.012   1223.63
21   300.616   1192.85
22   294.874   1162.91
23   290.362   1137.45
24   285.972   1110.93
25   282.392   1086.32
26   277.12   1060.9
27   272.466   1036.47
28   268.002   1014.14
29   264.69   994.066
30   260.1   968.024
31   257.136   944.504
32   251.378   922.162
33   247.608   899.884
34   244   871.566
35   240.194   856.596
36   235.858   829.682
37   231.512   815.262
38   228.172   795.244
39   225.488   774.61
40   221.3   751.46
41   215.93   730.366
42   214.106   716.59
43   209.806   698.076
44   205.018   675.468
45   203.276   659.866
46   198.056   642.25
47   195.53   629.926
48   192.406   610.476
49   188.362   595.896
50   185.68   581.452
51   182.256   568.628
52   179.652   549.624
53   176.65   541.062
54   172.74   525.484
55   170.948   510.382
56   166.16   491.57
57   162.816   480.084
58   161.41   468.88
59   157.964   458.406
60   155.362   441.742
61   151.22   431.864
62   149.956   421.994
63   147.054   410.836
64   144.19   400.616
65   141.912   382.384
66   138.522   374.992
67   136.076   363.126
68   133.88   354.664
69   131.064   345.79
70   128.16   333.09
71   125.93   324.628
72   124.786   317.224
73   121.024   303.348
74   118.222   298.498
75   116.578   286.034
76   113.968   277.096
77   111.548   268.734
78   109.88   262.374
79   107.18   254.01
80   106.142   249.096
81   103.21   240.194
82   101.168   235.13
83   98.516   222.522
84   96.332   214.728
85   94.33   208.736
86   93.048   203.51
87   91.086   197.268
88   88.632   188.966
89   85.97   183.008
90   85.59   178.66
91   82.642   172.884
92   80.582   164.014
93   79.412   159.718
94   77.178   152.08
95   75.712   151.514
96   72.852   144.032
97   72.066   141.372
98   69.902   132.198
99   68.834   128.136
100   67.024   125.816
101   65.256   119.29
102   64.282   117.058
103   62.084   111.008
104   60.524   108.982
105   59.7   105.504
106   58.4   102.172
107   56.636   97.472
108   55.664   93.498
109   54.19   91.442
110   52.97   89.07
111   51.204   83.306
112   49.43   79.73
113   48.22   76.512
114   47.56   73.732
115   45.336   69.172
116   44.54   69.054
117   42.97   65.768
118   41.738   62.88
119   41.31   60.128
120   39.544   57.91
121   38.666   55.892
122   37.332   52.962
123   36.394   51.004
124   34.954   47.874
125   33.454   45.578
126   33.506   45.202
127   32.608   43.81
128   31.246   41.448
129   31.306   40.704
130   29.602   38.06
131   27.748   35.294
132   27.124   34.318
133   26.72   33.5
134   26.204   31.784
135   25.174   30.488
136   24.152   28.492
137   23.256   27.886
138   23.25   27.368
139   22.21   26.03
140   21.258   24.09
141   20.31   22.5
142   20.13   22.48
143   19.318   21.058
144   18.564   20.056
145   17.42   18.342
146   16.508   17.36
147   16.594   17.428
148   16.11   16.728
149   15.25   15.58
150   14.67   14.86
151   14.662   14.728
152   14.054   14.054
153   13.758   13.674
154   12.884   12.432
155   12.72   12.188
156   11.794   11.236
157   11.52   10.858
158   11.358   10.642
159   10.608   9.962
160   10.086   9.202
161   10.004   9.278
162   9.644   8.63
163   8.984   8.028
164   8.81   7.804
165   9.052   8
166   8.364   7.244
167   7.918   6.716
168   7.858   6.734
169   7.372   6.226
170   7.46   6.26
171   7.202   5.978
172   6.578   5.414
173   6.782   5.526
174   6.224   4.928
175   6.404   5.184
176   5.868   4.672
177   5.862   4.636
178   5.316   4.088
179   5.346   4.12
180   5.022   3.806
181   4.84   3.65
182   4.732   3.512
183   4.728   3.536
184   4.552   3.362
185   4.304   3.12
186   4.21   3.072
187   4.066   2.914
188   4.068   2.928
189   3.67   2.56
190   3.822   2.69
191   3.62   2.508
192   3.424   2.306
193   3.258   2.166
194   3.262   2.184
195   3.008   1.95
196   2.956   1.92
197   2.874   1.838
198   2.642   1.626
199   2.47295   1.46293
