0   407.457   1974.87
1   402.174   1924.28
2   397.09   1875.39
3   392.226   1817.82
4   386.586   1775.05
5   380.876   1728.56
6   375.958   1688.05
7   369.762   1648.71
8   364.722   1604.31
9   359.098   1567.35
10   352.848   1526.46
11   347.464   1495.23
12   342.826   1459.81
13   338.102   1426.41
14   333.036   1390.14
15   327.764   1362.37
16   323.326   1327.32
17   318.47   1296.66
18   313.012   1268.02
19   307.882   1239.36
20   302.984   1215.71
21   299.29   1180.84
22   294.082   1152.71
23   289.15   1127.2
24   285.16   1100.47
25   280.402   1070.59
26   276.73   1051.06
27   272.786   1025.51
28   268.378   1006.87
29   264.826   982.138
30   259.434   958.516
31   256.752   932.992
32   251.894   911.508
33   247.078   889.862
34   242.994   867.424
35   239.66   845.14
36   235.722   827.002
37   231.55   807.49
38   227.962   791.174
39   224.964   769.718
40   221.116   751.336
41   216.52   733.436
42   214.446   715.062
43   208.546   700.92
44   206.208   679.404
45   202.342   663.032
46   198.594   639.608
47   194.548   626.092
48   192.022   609.742
49   187.814   597.984
50   186.93   584.438
51   183.11   565.454
52   180.306   550.558
53   176.482   539.118
54   173.804   520.878
55   169.864   509.122
56   166.952   491.916
57   164.734   483.928
58   160.088   464.134
59   158.746   459.65
60   154.668   442.972
61   152.99   435.804
62   149.96   419.78
63   147.278   409.234
64   143.502   396.958
65   141.578   385.726
66   139.696   378.558
67   137.012   367.832
68   134.002   357.614
69   132.212   346.47
70   129.462   333.942
71   126.33   325.662
72   123.278   315.156
73   121.46   305.56
74   119.762   300.95
75   116.34   289.034
76   115.79   282.102
77   113.23   275.884
78   109.896   264.874
79   107.568   254.196
80   105.806   250.074
81   103.826   240.544
82   101.436   237.058
83   99.426   226.252
84   97.718   221.464
85   95.786   214.89
86   94.248   211.19
87   92.008   201.84
88   90.716   198.506
89   88.15   187.25
90   85.584   181.794
91   84.236   176.59
92   82.306   170.358
93   80.772   163.184
94   78.994   158.688
95   77.396   155.688
96   75.734   149.548
97   74.2   144.092
98   72.966   140.622
99   70.612   135.136
100   68.442   129.446
101   66.328   123.242
102   66.328   122.046
103   63.044   113.65
104   61.384   110.264
105   61.152   108.678
106   58.448   102.622
107   56.186   97.99
108   55.702   95.212
109   54.142   90.766
110   53.666   89.612
111   51.196   83.79
112   50.578   82.74
113   49.456   79.156
114   47.106   75.476
115   46.542   72.448
116   45.138   70.146
117   43.896   67.944
118   42.746   64.766
119   41.79   61.494
120   40.038   59.262
121   38.752   56.456
122   38.74   55.614
123   37.868   54.088
124   35.812   50.738
125   35.908   49.18
126   34.746   47.442
127   33.07   44.392
128   31.71   41.644
129   31.848   42.184
130   29.612   38.81
131   29.63   37.488
132   28.348   35.83
133   27.966   35.192
134   26.302   32.222
135   25.292   30.966
136   24.432   29.58
137   23.268   27.372
138   23.156   27.244
139   22.456   26.018
140   21.594   24.794
141   20.572   23.04
142   19.872   22.164
143   18.75   20.736
144   18.796   20.226
145   18.066   19.544
146   17.284   18.322
147   16.302   16.936
148   16.122   16.56
149   15.224   15.55
150   15.394   15.656
151   14.592   14.652
152   13.378   13.212
153   13.802   13.846
154   12.306   11.91
155   12.568   12.406
156   12.146   11.806
157   12.1   11.484
158   11.332   10.626
159   10.968   10.364
160   10.222   9.412
161   9.556   8.55
162   10.254   9.38
163   9.848   8.914
164   8.56   7.428
165   8.538   7.36
166   8.098   6.882
167   8.18   6.938
168   7.364   6.17
169   7.522   6.394
170   7.116   5.924
171   6.93   5.772
172   6.28   4.944
173   6.408   5.096
174   6.242   5.102
175   6.102   4.832
176   5.78   4.528
177   5.482   4.258
178   5.242   3.942
179   5.066   3.856
180   5.244   4.044
181   4.912   3.694
182   4.74   3.578
183   4.642   3.468
184   4.52   3.328
185   4.19   3.028
186   4.198   3.036
187   4.202   2.99
188   3.972   2.818
189   3.624   2.502
190   3.728   2.628
191   3.546   2.464
192   3.262   2.178
193   3.392   2.326
194   3.228   2.154
195   2.988   1.91
196   2.922   1.888
197   2.766   1.726
198   2.66   1.64
199   2.44489   1.43487
