0   406.331   1929.86
1   401.862   1885.18
2   396.806   1832.69
3   390.986   1784.65
4   384.938   1735.19
5   379.878   1685.18
6   374.65   1650.47
7   369.966   1610.47
8   364.128   1567.67
9   358.926   1537.95
10   353.368   1494.63
11   347.968   1462.22
12   342.932   1431.66
13   338.39   1396.11
14   332.654   1358.31
15   328.286   1326.2
16   321.906   1293.06
17   316.144   1263.85
18   312.004   1233.88
19   307.132   1206.52
20   302.808   1173.52
21   297.636   1149.05
22   292.698   1121.86
23   287.424   1088.71
24   283.974   1071.05
25   279.378   1041.7
26   275.146   1017.03
27   271.632   995.902
28   266.42   975.412
29   262.058   951.756
30   258.212   926.884
31   254.538   905.856
32   249.918   877.546
33   246.666   861.744
34   241.968   837.504
35   238.134   818.32
36   234.038   801.676
37   230.232   779.578
38   227.616   759.228
39   223.154   741.656
40   218.91   719.992
41   214.186   703.734
42   210.466   684.388
43   207.144   666.306
44   203.762   653.478
45   200.26   636.472
46   196.218   617.136
47   194.268   602.018
48   191.18   587.062
49   187.37   570.298
50   184.344   558.878
51   180.704   545.978
52   178.426   528.672
53   173.172   513.524
54   171.83   501.656
55   168.314   484.204
56   165.6   475
57   163.196   462.722
58   158.694   445.85
59   157.148   435.452
60   153.692   425.582
61   150.872   411.188
62   147.964   399.452
63   146.004   389.288
64   142.024   380.248
65   139.73   370.404
66   137.072   357.742
67   133.636   344.48
68   132.106   340.186
69   129.068   327.234
70   128.078   319.1
71   124.874   309.322
72   122.322   299.562
73   119.81   290.382
74   117.682   286.57
75   116.49   280.084
76   113.268   269.06
77   111.122   259.314
78   108.776   252.376
79   106.866   245.18
80   105.642   237.568
81   102.358   229.732
82   100.556   222.718
83   98.382   215.212
84   95.518   206.416
85   93.602   200.454
86   92.316   195.052
87   90.432   190.166
88   88.912   183.858
89   85.386   177.12
90   84.592   172.792
91   81.948   162.768
92   80.926   160.084
93   78.884   155.07
94   76.54   149.272
95   74.998   143.502
96   73.458   140.556
97   71.176   132.642
98   69.732   128.464
99   67.512   123.192
100   67.158   120.898
101   65.55   117.36
102   62.896   109.404
103   61.678   106.704
104   59.906   102.44
105   58.21   97.922
106   57.556   96.454
107   55.682   92.364
108   53.946   87.254
109   53.466   86.938
110   52.122   83.65
111   50.402   78.928
112   48.568   75.62
113   48.172   74.758
114   46.02   69.404
115   45.244   67.716
116   43.728   64.806
117   43.004   62.222
118   42.152   61.458
119   40.668   59.01
120   39.204   55.006
121   38.632   53.128
122   36.666   49.964
123   36.062   49.142
124   34.35   45.694
125   34.686   47.18
126   33.386   43.888
127   32.19   41.728
128   31.3   40.296
129   30.05   38.3
130   29.478   36.63
131   27.948   34.256
132   27.15   33.13
133   26.568   31.542
134   25.348   29.97
135   24.658   28.658
136   24.292   28.34
137   22.87   26.156
138   22.19   24.812
139   21.294   23.922
140   21.072   23.442
141   20.48   22.468
142   19.466   21.014
143   18.726   19.966
144   17.936   18.868
145   17.72   18.674
146   17.302   18.152
147   16.638   16.94
148   15.756   15.906
149   15.266   15.24
150   15.158   14.914
151   14.276   14.004
152   13.82   13.484
153   12.922   12.49
154   12.508   12.046
155   12.284   11.584
156   12.246   11.496
157   11.426   10.656
158   10.984   10.042
159   10.294   9.262
160   10.51   9.618
161   9.778   8.786
162   9.666   8.788
163   8.898   7.678
164   8.252   7.146
165   8.588   7.414
166   7.83   6.686
167   8.098   6.926
168   7.884   6.678
169   7.216   6.044
170   6.738   5.524
171   7.062   5.796
172   6.636   5.334
173   6.16   4.882
174   6.338   5.082
175   5.98   4.706
176   5.78   4.504
177   5.62   4.332
178   5.424   4.184
179   5.232   3.942
180   4.966   3.7
181   4.92   3.692
182   4.852   3.626
183   4.648   3.476
184   4.564   3.33
185   4.298   3.092
186   4.18   2.974
187   4.016   2.856
188   3.898   2.762
189   3.78   2.664
190   3.654   2.5
191   3.462   2.358
192   3.516   2.422
193   3.346   2.246
194   3.204   2.112
195   3.006   1.948
196   2.93   1.884
197   2.866   1.83
198   2.622   1.598
199   2.3988   1.39479
