0   406.968   1952.81
1   402.31   1907.65
2   397.254   1855.52
3   392.388   1817.32
4   387.334   1766.27
5   382.132   1723.76
6   376.288   1681.77
7   371.508   1639.04
8   365.168   1593.2
9   360.954   1560.62
10   355.19   1520.15
11   348.884   1481.02
12   343.6   1446.23
13   338.95   1418.57
14   333.892   1384.15
15   328.894   1354.05
16   322.876   1319.9
17   318.918   1290.21
18   312.696   1254.92
19   309.204   1227.3
20   304.684   1202.8
21   299.342   1175.41
22   294.054   1141.99
23   289.456   1118.29
24   284.7   1092.16
25   281.248   1063.85
26   276.592   1043.01
27   272.19   1009.82
28   268.364   987.716
29   262.848   963.568
30   258.264   938.724
31   254.73   920.634
32   250.37   898.864
33   246.148   879.118
34   242.204   850.64
35   238.56   830.724
36   234.164   813.042
37   231.254   791.326
38   227.71   773.094
39   224.056   760.504
40   219.524   735.882
41   216.146   715.376
42   212.358   698.498
43   210.186   689.81
44   204.59   664.402
45   201.45   649.946
46   198.694   630.96
47   194.934   619.078
48   192.066   598.538
49   188.136   584.266
50   185.412   570.318
51   181.382   558.162
52   179.56   541.094
53   176.296   528.998
54   172.138   516.512
55   170.218   504.692
56   168.302   489.42
57   164.598   477.562
58   161.348   463.3
59   158.54   450.208
60   155.596   442.91
61   152.25   424.68
62   150.16   415.224
63   148.206   403.914
64   145.392   394.36
65   141.568   381.31
66   138.852   369.874
67   136.496   358.912
68   133.736   346.028
69   131.542   339.18
70   128.074   328.9
71   125.902   320.4
72   123.922   308.832
73   120.964   297.832
74   118.458   289.634
75   115.662   278.936
76   114.918   275.956
77   111.112   264.622
78   109.75   258.766
79   107.234   249.526
80   105.186   244.482
81   102.106   232.746
82   99.654   223.582
83   98.368   219.072
84   96.486   212.35
85   94.232   205.406
86   92.08   198.378
87   90.196   192.302
88   88.92   187.394
89   87.024   180.792
90   84.698   175.484
91   82.53   169.034
92   81.258   164.138
93   77.968   155.37
94   76.616   150.502
95   74.768   144.496
96   73.058   141.234
97   72.036   137.824
98   70.586   131.408
99   68.458   126.786
100   66.852   121.764
101   66.222   121.546
102   63.948   114.238
103   62.652   111.95
104   61.318   107.558
105   59.208   101.924
106   58.012   98.576
107   56.038   94.416
108   54.166   89.824
109   52.818   85.234
110   52.354   85.36
111   50.34   80.976
112   49.766   78.618
113   47.464   74.138
114   45.374   70.054
115   44.696   67.91
116   44.248   66.726
117   43.28   63.862
118   42.256   62.506
119   39.85   57.422
120   39.618   57.08
121   37.768   52.02
122   37.718   53.298
123   36.354   50.104
124   35.188   47.484
125   34.73   47.008
126   33.174   43.554
127   32.674   42.52
128   31.726   41.4
129   30.07   38.752
130   28.784   35.422
131   28.048   35.386
132   27.176   33.13
133   26.528   32.132
134   25.6148   31.4391
135   24.9499   29.8236
136   24.212   28.414
137   22.898   26.17
138   22.86   26.312
139   21.922   24.858
140   20.428   22.63
141   20.356   22.528
142   19.19   20.902
143   19.066   20.574
144   18.498   19.744
145   17.672   18.508
146   17.162   18.152
147   16.12   16.664
148   16.128   16.65
149   15.762   16.068
150   15.572   15.762
151   13.74   13.548
152   13.788   13.746
153   13.308   12.916
154   12.796   12.312
155   12.446   11.874
156   11.982   11.102
157   11.506   10.828
158   10.758   9.912
159   10.572   9.646
160   10.356   9.55
161   9.882   8.95
162   8.96   7.93
163   8.56   7.376
164   8.892   7.862
165   8.678   7.534
166   8.238   7.024
167   8.174   7.024
168   7.776   6.546
169   7.452   6.296
170   7.238   6.058
171   6.73   5.552
172   6.952   5.724
173   6.254   4.986
174   6.082   4.854
175   5.954   4.732
176   5.72   4.454
177   5.69   4.462
178   5.486   4.256
179   5.254   3.994
180   5.098   3.838
181   5.024   3.828
182   4.726   3.462
183   4.49   3.292
184   4.488   3.294
185   4.39   3.202
186   4.214   3.008
187   4.016   2.894
188   3.774   2.602
189   3.71   2.56
190   3.626   2.528
191   3.528   2.402
192   3.518   2.406
193   3.442   2.354
194   3.01   1.96
195   3.014   1.924
196   2.964   1.898
197   2.812   1.776
198   2.832   1.812
199   2.46293   1.4489
