0   407.543   1975.71
1   403.184   1914.33
2   398.178   1874.52
3   392.458   1820.75
4   387.042   1774.38
5   381.086   1733.75
6   375.59   1681.74
7   370.116   1643.39
8   364.102   1605.33
9   358.466   1562.51
10   352.402   1523.4
11   348.4   1492.8
12   343.582   1460.23
13   337.722   1423.82
14   332.95   1391.07
15   327.078   1358.28
16   322.308   1327.33
17   316.39   1295.06
18   312.514   1266.18
19   307.642   1242.19
20   302.872   1208.52
21   298.032   1177.46
22   293.484   1155.39
23   288.9   1126.8
24   284.428   1094.91
25   280.098   1070.67
26   275.036   1045.59
27   271.292   1018.27
28   266.744   999.842
29   262.206   975.64
30   257.94   956.742
31   255.058   936
32   250.316   912.472
33   247.358   889.498
34   242.978   866.358
35   239.004   843.548
36   235.444   827.136
37   231.782   809.098
38   227.934   789.438
39   223.764   769.708
40   220.854   752.392
41   217.89   735.658
42   213.982   718.052
43   210.636   699.5
44   206.204   678.772
45   203.812   666.394
46   200.418   648.568
47   196.548   635.152
48   192.276   615.076
49   188.928   597.576
50   186.614   585.232
51   183.12   572.29
52   179.064   557.776
53   176.334   539.158
54   173.644   527.936
55   172.376   515.418
56   167.998   498.758
57   165.536   489.25
58   161.554   472.11
59   158.75   459.564
60   157.242   448.424
61   153.668   439.658
62   150.568   424.142
63   147.56   416.636
64   144.616   402.56
65   143.642   390.562
66   140.91   381.822
67   136.86   368.856
68   135.334   359.37
69   131.354   351.55
70   129.648   340.046
71   127.738   331.988
72   125.102   323.208
73   121.67   309.41
74   119.698   303.018
75   117.852   295.556
76   115.518   285.26
77   112.694   274.984
78   110.746   267.014
79   108.06   258.73
80   106.636   253.254
81   103.922   245.546
82   102.004   234.878
83   100.154   228.808
84   97.97   223.976
85   94.818   213.54
86   92.878   206.844
87   90.776   200.206
88   90.524   196.25
89   87.724   189.892
90   85.94   183.314
91   83.804   175.888
92   82.276   170.882
93   80.072   163.152
94   79.434   163.178
95   77.782   156.274
96   75.282   150.052
97   73.774   145.782
98   71.602   138.678
99   70.986   138.312
100   69.204   131.04
101   66.904   124.61
102   66.456   124.948
103   63.796   117.178
104   62.412   112.57
105   60.274   107.636
106   59.052   104.532
107   58.668   102.696
108   57.192   97.158
109   55.636   95.222
110   54.418   90.976
111   52.958   88.322
112   50.966   83.78
113   49.194   79.54
114   48.032   76.756
115   48.056   76.304
116   46.506   72.85
117   44.75   69.13
118   43.846   67.036
119   42.834   64.992
120   41.862   61.964
121   40.614   59.812
122   37.854   54.76
123   38.07   54.354
124   36.732   52.862
125   35.75   50.038
126   34.882   48.4
127   33.444   45.7
128   32.068   43.012
129   31.372   41.556
130   30.522   40.042
131   29.682   38.044
132   28.35   35.83
133   28.16   35.624
134   26.586   33.288
135   26.034   32.004
136   25.642   31.67
137   24.856   30.286
138   23.08   27.274
139   22.824   27.196
140   22.64   26.114
141   21.382   24.624
142   21.06   23.878
143   20.252   22.746
144   18.748   20.488
145   18.57   20.428
146   18.26   19.822
147   18.006   19.434
148   17.14   18.392
149   16.29   17.34
150   15.444   15.956
151   15.002   15.358
152   14.692   14.906
153   13.874   13.694
154   13.444   13.42
155   12.652   12.336
156   12.826   12.516
157   11.794   11.428
158   12.01   11.444
159   11.234   10.7
160   10.91   10.29
161   10.324   9.712
162   9.92   9.012
163   9.786   8.804
164   9.402   8.38
165   8.682   7.6
166   8.61   7.504
167   8.092   6.992
168   8.32   7.176
169   7.726   6.692
170   7.498   6.34
171   7.21   6.044
172   7.102   5.898
173   6.874   5.686
174   6.44   5.242
175   6.362   5.174
176   6.144   4.926
177   5.98   4.754
178   5.462   4.18
179   5.596   4.42
180   5.084   3.858
181   5.182   3.976
182   4.79   3.636
183   4.82   3.582
184   4.506   3.264
185   4.464   3.274
186   4.20758   3.06786
187   3.98798   2.86974
188   3.92   2.794
189   3.748   2.63
190   3.588   2.484
191   3.528   2.39
192   3.302   2.24
193   3.294   2.198
194   3.178   2.088
195   3.088   2.03
196   2.97   1.932
197   2.752   1.718
198   2.644   1.62
199   2.41884   1.41082
