0   406.353   1940.7
1   401.904   1891.9
2   396.406   1838.8
3   391.036   1790.55
4   385.926   1743.18
5   379.938   1703
6   374.836   1653.98
7   369.572   1621.81
8   363.92   1576.5
9   358.76   1539.31
10   352.91   1502.31
11   348.304   1466.37
12   342.302   1432.32
13   337.454   1396.24
14   332.048   1362.91
15   326.556   1331.99
16   322.244   1299.71
17   316.974   1266.83
18   311.894   1242.72
19   306.796   1212.79
20   302.156   1181.6
21   297.994   1152.29
22   292.534   1123.49
23   287.678   1093.93
24   283.354   1067.55
25   278.17   1038.31
26   274.8   1016.81
27   270.232   997.162
28   264.944   967.912
29   261.056   940.368
30   257.258   920.746
31   253.402   900.246
32   249.242   881.274
33   244.666   854.85
34   240.602   835.512
35   236.2   816.114
36   232.132   798.228
37   227.964   771.542
38   224.768   756.136
39   221.45   740.038
40   218.18   718.812
41   212.608   698.686
42   210.62   683.118
43   207.082   669.082
44   202.772   648.958
45   199.316   627.69
46   196.384   616.528
47   192.118   601.89
48   188.956   584.708
49   187.562   574.278
50   183.064   556.416
51   180.492   538.55
52   176.658   525.904
53   173.248   509.894
54   170.372   495.208
55   167.222   486.02
56   164.18   472.284
57   161.888   465.24
58   157.736   445.846
59   154.646   435.174
60   152.816   422.566
61   150.852   414.576
62   148.416   400.95
63   145.118   390.494
64   141.754   378.314
65   139.118   366.346
66   136.44   351.976
67   134.234   349.93
68   130.88   336.584
69   129.048   327.5
70   128.1   320.624
71   125.166   311.412
72   120.992   295.074
73   119.492   291.132
74   116.682   280.562
75   115.212   272.608
76   113.084   267.836
77   110.512   257.036
78   109.156   251.268
79   106.594   242.15
80   103.792   235.884
81   102.194   227.45
82   99.708   221.472
83   98.352   215.602
84   94.992   205.258
85   93.706   202.366
86   91.476   195.358
87   89.838   189.548
88   88.806   185.42
89   85.374   177.81
90   84.964   171.062
91   82.622   165.444
92   80.792   160.622
93   77.82   151.316
94   76.512   147.104
95   75.548   145.188
96   72.46   136.678
97   70.732   131.302
98   70.34   128.52
99   68.156   124.968
100   66.232   118.904
101   64.91   115.282
102   63.89   113.056
103   62.032   108.74
104   60.852   104.596
105   58.876   100.504
106   57.826   97.718
107   56.152   92.97
108   54.91   89.394
109   53.146   85.042
110   51.772   82.646
111   50.342   80.034
112   49.208   76.616
113   48.252   74.744
114   46.436   69.742
115   45.03   68.074
116   43.66   65.118
117   42.05   60.564
118   41.356   60.23
119   40.118   56.09
120   39.766   55.702
121   38.048   53.448
122   36.852   51.278
123   35.476   47.93
124   35.308   47.1
125   33.434   44.446
126   32.96   43.264
127   32.334   41.328
128   30.296   38.52
129   30.262   37.762
130   29.186   36.134
131   28.278   34.308
132   27.284   33.214
133   26.63   32.134
134   25.154   30.302
135   24.928   29.606
136   23.474   27.596
137   22.94   25.972
138   22.686   25.794
139   21.65   24.184
140   20.634   22.58
141   20.004   22.122
142   19.014   20.58
143   18.434   19.636
144   17.152   17.768
145   17.496   18.294
146   16.416   17.078
147   15.96   16.534
148   15.754   15.88
149   15.644   15.622
150   15.044   14.996
151   13.836   13.308
152   13.782   13.276
153   13.102   12.484
154   13.274   12.992
155   12.206   11.358
156   11.396   10.682
157   11.494   10.784
158   11.29   10.31
159   10.61   9.684
160   10.444   9.44
161   9.72   8.49
162   9.338   8.228
163   8.68   7.456
164   8.312   7.17
165   8.93   7.702
166   8.33   7.026
167   7.978   6.788
168   7.7   6.402
169   7.32   6.008
170   7.216   6.004
171   6.858   5.638
172   6.304   5.018
173   6.326   5.124
174   6.196   4.972
175   5.906   4.7
176   5.54   4.308
177   6.054   4.844
178   5.478   4.244
179   5.366   4.086
180   5.028   3.802
181   4.716   3.496
182   4.778   3.58
183   4.452   3.31
184   4.464   3.24
185   4.324   3.144
186   4.038   2.874
187   4.126   2.938
188   3.976   2.798
189   3.936   2.802
190   3.62   2.526
191   3.488   2.396
192   3.326   2.202
193   3.358   2.276
194   3.104   2.038
195   2.912   1.856
196   2.81   1.778
197   2.872   1.818
198   2.682   1.658
199   2.4509   1.44489
