0   407.309   1960.67
1   402.242   1910.62
2   397.576   1864.47
3   392.204   1815.4
4   387.6   1768.42
5   381.826   1726.28
6   376.17   1688.83
7   371.04   1637.25
8   364.952   1605.77
9   358.842   1564.96
10   353.89   1528.04
11   348.91   1493.82
12   344.366   1457.64
13   338.77   1427.76
14   333.304   1391.47
15   328.61   1363.45
16   323.99   1329.89
17   318.846   1296.26
18   314.044   1261.92
19   309.288   1230.95
20   304.032   1210.27
21   299.162   1175.97
22   294.79   1150.02
23   290.342   1126.96
24   286.358   1102.41
25   281.438   1076.32
26   276.256   1052.6
27   272.312   1026.32
28   267.88   999.438
29   264.508   974.27
30   258.602   950.076
31   254.08   929.422
32   249.816   904.502
33   247.348   881.816
34   242.626   862.242
35   238.634   845.178
36   235.238   822.324
37   230.844   804.764
38   227.59   783.49
39   225.074   768.736
40   220.608   750.348
41   215.674   728.092
42   213.954   710.918
43   209.476   693.096
44   206.03   674.33
45   202.342   659.926
46   199.326   640.874
47   196.946   626.586
48   193.878   610.196
49   188.734   591.986
50   186.416   581.57
51   183.43   567.218
52   180.142   554.514
53   176.742   541.676
54   174.212   522.526
55   171.674   511.902
56   166.8   493.56
57   165.118   484.47
58   162.656   473.064
59   159.566   460.816
60   155.862   444.434
61   152.98   435.234
62   150.818   423.7
63   148.226   412.254
64   144.848   400.432
65   143.222   390.574
66   139.276   378.746
67   137.562   365.864
68   134.862   359.554
69   133.202   350.36
70   129.782   340.67
71   127.404   328.458
72   125.022   319.664
73   122.004   310.25
74   120.32   298.35
75   117.914   290.978
76   115.776   285.636
77   113.118   274.89
78   111.396   268.292
79   108.842   258.3
80   106.436   251.174
81   103.664   241.772
82   102.096   234.17
83   99.812   228.542
84   98.546   222.684
85   96.278   215.276
86   93.886   206.77
87   91.972   204.532
88   90.858   197.274
89   88.836   189.932
90   86.416   181.736
91   84.238   176.64
92   82.352   169.636
93   81.138   166.288
94   79.21   161.4
95   77.152   154.74
96   74.616   146.742
97   73.076   141.86
98   71.922   137.64
99   70.38   132.204
100   69.516   131.48
101   66.662   123.438
102   65.66   120.696
103   64.246   116.388
104   61.73   111.324
105   60.132   105.938
106   59.08   102.778
107   57.014   97.918
108   56.56   96.442
109   54.952   92.496
110   54.444   91.808
111   51.452   83.542
112   50.802   83.05
113   48.862   78.472
114   48.12   76.864
115   46.72   73.218
116   45.478   71.056
117   44.286   67.356
118   43.426   65.48
119   42.724   63.596
120   40.546   59.338
121   40.098   59.102
122   37.836   54.176
123   37.6   52.988
124   36.246   50.062
125   34.836   47.192
126   33.418   45.718
127   32.884   44.83
128   31.25   41.284
129   31.082   40.772
130   29.272   37.476
131   29.722   38.196
132   28.664   36.074
133   28.028   35.212
134   26.97   33.442
135   25.348   30.78
136   24.776   29.852
137   24.534   29.284
138   23.24   27.114
139   21.918   25.454
140   21.51   24.658
141   21.254   23.884
142   20.336   22.96
143   19.384   21.34
144   18.59   19.598
145   18.322   19.676
146   17.76   19.386
147   17.524   18.444
148   16.104   17.07
149   15.748   16.196
150   15.336   15.482
151   14.596   14.846
152   14.138   14.158
153   13.402   13.39
154   12.994   12.812
155   12.806   12.536
156   12.266   11.798
157   11.662   11.118
158   11.318   10.77
159   10.776   9.954
160   10.352   9.492
161   10.066   9.024
162   9.616   8.784
163   9.446   8.338
164   9.25   8.222
165   8.74   7.646
166   8.38   7.398
167   7.654   6.628
168   7.886   6.76
169   7.946   6.698
170   7.378   6.202
171   7.656   6.384
172   6.742   5.498
173   6.466   5.238
174   6.4   5.196
175   6.288   5.068
176   5.702   4.474
177   5.868   4.678
178   5.56   4.326
179   5.3   4.068
180   5.16   3.944
181   4.934   3.748
182   4.842   3.694
183   4.672   3.514
184   4.604   3.444
185   4.302   3.134
186   4.362   3.166
187   4.328   3.142
188   3.986   2.82
189   3.726   2.588
190   3.794   2.656
191   3.57   2.474
192   3.316   2.206
193   3.322   2.226
194   3.316   2.216
195   3.12   2.072
196   2.876   1.832
197   2.752   1.736
198   2.638   1.622
199   2.38677   1.38277
