0   407.265   1984
1   402.65   1927.49
2   397.638   1887.01
3   392.828   1828.99
4   386.494   1782.69
5   381.764   1733.91
6   376.594   1702.98
7   371.098   1664.82
8   365.656   1620.91
9   360.114   1581
10   355.034   1549.57
11   350.136   1504.32
12   343.294   1464.25
13   338.558   1431.41
14   332.784   1396.89
15   328.27   1372.41
16   322.82   1340.5
17   318.24   1304.85
18   313.706   1275.7
19   309.904   1245.54
20   304.698   1218.89
21   299.964   1189.44
22   295.136   1165.48
23   290.996   1138.59
24   285.216   1108.56
25   280.904   1087.96
26   277.834   1061.76
27   273.282   1033.49
28   268.334   1013.06
29   264.324   989.912
30   259.64   965.032
31   255.738   938.308
32   252.48   919.346
33   248.082   898.616
34   244.288   878.37
35   239.666   853.34
36   236.53   839.206
37   232.996   820.018
38   228.782   796.21
39   225.374   775.356
40   220.592   756.782
41   215.732   734
42   214.014   723.836
43   210.322   705.702
44   206.97   685.428
45   203.1   669.998
46   200.586   651.812
47   195.968   633.086
48   192.962   616.378
49   189.906   597.118
50   185.99   589.996
51   183.026   572.31
52   178.6   554.804
53   177.278   539.526
54   173.06   525.544
55   169.262   511.914
56   166.946   497.246
57   163.976   486.566
58   161.228   469.764
59   159.642   462.606
60   155.108   448.358
61   152.192   428.656
62   151.128   423.232
63   146.978   408.068
64   144.444   405.788
65   142.064   389.016
66   139.764   381.952
67   136.764   365.334
68   133.802   358.522
69   131.576   347.578
70   129.766   336.278
71   126.972   331.734
72   124.056   320.806
73   122.128   309.744
74   118.914   297.078
75   116.616   290.246
76   114.448   280.87
77   111.96   271.816
78   108.502   260.198
79   108.504   255.876
80   105.402   249.174
81   103.966   242.188
82   102.122   235.69
83   98.556   227.04
84   97.332   221.094
85   95.11   210.702
86   93.084   207.224
87   91.378   200.352
88   89.668   191.566
89   86.89   188.768
90   84.888   180.248
91   83.836   176.954
92   80.9   167.672
93   79.334   163.48
94   77.66   154.924
95   76.368   153.04
96   74.088   144.496
97   73.272   143.646
98   70.11   133.83
99   68.818   130.784
100   67.826   127.444
101   66.456   123.39
102   64.434   119.134
103   63.196   115.412
104   61.568   110.778
105   59.548   106.768
106   57.952   101.688
107   57.136   98.882
108   56.174   96.204
109   53.896   91.566
110   51.85   86.78
111   52.284   86.556
112   50.024   82.858
113   49.204   78.606
114   47.556   75.642
115   46.868   73.474
116   44.746   69.456
117   44.342   68.556
118   43.31   65.802
119   41.774   61.844
120   40.114   59.204
121   38.938   56.736
122   38.428   55.218
123   37.95   53.618
124   35.776   50.036
125   34.66   47.644
126   34.406   47.032
127   33.41   44.706
128   32.314   42.768
129   31.55   41.68
130   29.77   39.562
131   29.35   37.442
132   28.436   36.56
133   27.482   34.254
134   26.728   33.252
135   26.516   32.46
136   24.946   30.282
137   23.646   28.192
138   23.752   28.132
139   22.516   26.246
140   21.892   25.254
141   20.808   23.606
142   20.054   22.746
143   19.356   21.544
144   19.128   21.144
145   18.388   20.108
146   18.078   19.766
147   17.47   18.474
148   16.39   17.432
149   16.2   16.664
150   15.008   15.458
151   14.792   15.116
152   13.988   14.176
153   13.78   13.744
154   12.868   12.652
155   12.544   12.228
156   12.176   11.564
157   11.816   11.344
158   11.076   10.454
159   11.392   10.672
160   10.656   9.796
161   10.334   9.5
162   9.85   9
163   9.038   8.018
164   8.896   7.872
165   9.052   7.936
166   8.224   7.074
167   8.418   7.352
168   7.71   6.602
169   7.288   6.116
170   7.218   6.086
171   6.904   5.704
172   6.806   5.632
173   6.364   5.146
174   6.472   5.292
175   6.114   4.73
176   6.228   4.978
177   5.938   4.716
178   5.408   4.186
179   5.234   4.052
180   5.17   3.92
181   4.79   3.586
182   4.668   3.47
183   4.582   3.42
184   4.622   3.51
185   4.208   3.08
186   4.36   3.198
187   4.03   2.85
188   3.802   2.682
189   3.706   2.564
190   3.774   2.644
191   3.582   2.476
192   3.448   2.336
193   3.284   2.216
194   3.174   2.116
195   3.166   2.13
196   2.788   1.742
197   2.75   1.72
198   2.638   1.608
199   2.47695   1.47495
