0   407.607   1970.41
1   402.842   1920.27
2   398.03   1870.07
3   392.626   1823.81
4   386.776   1774.89
5   381.456   1736.02
6   376.352   1686.76
7   369.446   1646.18
8   364.506   1611.24
9   359.028   1564.97
10   354.682   1521.98
11   348.692   1493.66
12   342.726   1455.67
13   337.72   1418.68
14   331.938   1385.19
15   326.262   1352.02
16   322.47   1318.33
17   317.934   1293.2
18   312.692   1257.84
19   306.69   1225.82
20   301.896   1197.22
21   297.184   1167.93
22   291.458   1138.68
23   286.59   1112.15
24   282.656   1086.79
25   278.674   1060.27
26   273.942   1036.04
27   269.4   1014.85
28   265.084   988.956
29   261.234   968.478
30   257.376   938.226
31   252.824   916.898
32   248.592   892.81
33   244.686   870.454
34   240.614   855.13
35   237.896   832.77
36   232.394   810.504
37   229.252   787.798
38   224.058   768.074
39   222.174   752.646
40   218.15   734.208
41   215.346   717.782
42   210.416   696.384
43   207.354   680.384
44   204.474   668.976
45   199.552   648.33
46   197.194   630.952
47   192.75   613.394
48   190.43   599.29
49   185.908   581.646
50   183.664   572.2
51   181.544   557.994
52   177.952   539.832
53   174.074   527.864
54   172.228   513.422
55   169.104   500.98
56   165.63   487.656
57   162.264   471.888
58   159.492   459.98
59   156.298   445.174
60   154.334   436.658
61   151.652   422.612
62   147.9   410.74
63   145.028   398.818
64   141.608   387.872
65   139.392   376.826
66   137.302   365.572
67   133.65   355.516
68   131.642   348.782
69   129.14   333.048
70   126.25   323
71   123.324   316.198
72   121.486   308.328
73   119.638   299.474
74   117.632   290.216
75   114.688   276.688
76   113.862   273.918
77   110.582   263.368
78   107.242   252.192
79   106.48   250.078
80   103.756   240.278
81   101.804   234.348
82   99.046   224.788
83   97.888   219.744
84   95.336   212.584
85   94.21   207.888
86   91.91   201.136
87   89.002   192.364
88   87.454   185.082
89   85.918   180.602
90   84.392   173.374
91   82.258   170.706
92   80.566   165.36
93   79.182   158.986
94   77.198   154.042
95   74.628   145.246
96   73.506   142.044
97   71.292   140.114
98   69.992   134.168
99   68.562   128.752
100   66.386   122.964
101   65.516   120.554
102   63.232   116.108
103   61.952   111.76
104   61.416   109.718
105   59.328   103.198
106   57.19   98.98
107   56.108   95.81
108   55.72   94.188
109   53.596   89.318
110   51.924   84.858
111   50.784   82.9
112   48.814   78.31
113   47.902   75.906
114   47.568   74.334
115   45.718   71.058
116   43.428   66.14
117   44.22   67.41
118   41.466   61.264
119   41.164   60.116
120   39.966   57.986
121   37.402   52.906
122   37.384   53.634
123   36.642   51.464
124   35.85   49.652
125   34.944   47.594
126   33.226   44.82
127   32.508   42.888
128   32.042   42.746
129   31.028   41.04
130   29.458   37.628
131   30.198   38.578
132   27.458   34.594
133   26.978   33.73
134   26.152   32.548
135   25.124   30.558
136   24.922   29.98
137   24.22   29.34
138   23.472   27.122
139   22.246   25.412
140   21.412   25.046
141   20.532   23.24
142   20.238   22.098
143   20.102   22.444
144   19.386   21.384
145   18.672   20.282
146   17.68   19.078
147   17.046   18.024
148   16.478   17.384
149   16.222   16.768
150   15.702   16.456
151   14.248   14.228
152   14.268   14.268
153   14.1   14.178
154   13.424   13.274
155   12.452   12.05
156   12.692   12.296
157   12.104   11.618
158   11.532   10.934
159   10.68   9.808
160   10.652   9.718
161   10.664   9.784
162   9.876   8.904
163   9.62   8.7
164   9.064   7.922
165   8.648   7.526
166   8.584   7.49
167   7.984   6.814
168   8.558   7.418
169   7.304   6.212
170   7.182   5.976
171   7.216   6.062
172   7.108   5.944
173   6.436   5.128
174   6.418   5.128
175   5.998   4.804
176   5.974   4.73
177   5.63   4.374
178   5.724   4.442
179   5.48   4.154
180   5.31   4.122
181   4.708   3.494
182   4.784   3.526
183   4.576   3.346
184   4.422   3.232
185   4.378   3.204
186   4.228   3.056
187   4.008   2.856
188   3.844   2.724
189   3.744   2.584
190   3.634   2.466
191   3.678   2.576
192   3.452   2.362
193   3.308   2.202
194   3.006   1.958
195   3.18   2.114
196   3.012   1.952
197   2.826   1.776
198   2.608   1.6
199   2.53908   1.52705
