0   408.355   2001.07
1   403.52   1947.86
2   398.892   1899.78
3   394.01   1859.24
4   388.308   1807.49
5   382.942   1767.6
6   377.336   1720.59
7   372.472   1679.31
8   366.374   1643.95
9   361.74   1606.71
10   355.872   1566.92
11   350.138   1528.86
12   344.664   1493.39
13   339.874   1449.07
14   334.598   1415.8
15   329.096   1391.89
16   323.51   1351.94
17   319.732   1319.63
18   313.856   1292.35
19   308.342   1261.99
20   304.652   1231.89
21   298.372   1205.66
22   295.044   1178.5
23   290.29   1149.05
24   284.504   1126.93
25   280.768   1097.04
26   276.388   1066.18
27   271.668   1045.72
28   268.144   1022.72
29   262.546   996.466
30   259.284   979.184
31   255.658   952.938
32   250.508   929.972
33   246.654   908.658
34   242.772   887.248
35   239.046   866.52
36   235.042   846.276
37   230.852   819.856
38   227.966   806.978
39   224.626   791.726
40   221.598   768.218
41   216.734   748.22
42   213.444   729.002
43   210.62   714.998
44   206.932   698.772
45   203.758   680.13
46   200.346   666.982
47   196.324   644.89
48   193.278   632.43
49   190.758   616.928
50   186.98   598.054
51   184.644   585.514
52   180.864   572.962
53   178.02   563.974
54   174.944   545.226
55   173.116   534.788
56   169.094   520.46
57   166.254   505.874
58   164.344   490.258
59   160.172   477.302
60   157.872   468.594
61   156.064   457.538
62   152.436   443.748
63   150.372   430.18
64   146.35   421.17
65   144.356   406.898
66   141.432   397.566
67   138.942   385.342
68   136.486   379.232
69   134.218   366.414
70   131.654   355.724
71   129.434   345.564
72   126.188   338.77
73   123.782   327.842
74   121.404   317.68
75   119.78   308.358
76   117.034   300.874
77   115.842   289.638
78   114.228   284.482
79   110.742   276.914
80   109.012   265.61
81   106.172   256.63
82   104.656   251.486
83   102.044   243.556
84   99.896   237.42
85   98.196   228.892
86   96.988   227.112
87   93.638   211.804
88   91.508   208.854
89   90.258   203.224
90   88.408   197.248
91   86.476   190.404
92   84.954   183.722
93   83.566   178.9
94   81.02   170.536
95   79.332   165.202
96   77.43   160.418
97   75.446   154.982
98   74.106   152.14
99   73.094   145.978
100   70.33   139.84
101   68.722   136.304
102   67.474   129.334
103   66.078   124.658
104   64.112   123.636
105   62.726   118.298
106   60.874   112.674
107   59.616   108.82
108   59.34   107.61
109   56.64   102.224
110   55.562   97.412
111   53.24   92.262
112   52.65   91.828
113   52.092   87.786
114   49.548   82.23
115   48.568   79.69
116   46.964   75.178
117   46.68   75.804
118   44.072   70.074
119   43.696   68.57
120   42.67   66.06
121   41.06   62.654
122   40.58   61.612
123   39.08   58.788
124   38.118   54.952
125   37.738   55.92
126   35.692   51.73
127   34.502   49.046
128   34.11   48.58
129   33.69   46.592
130   31.302   43.054
131   31.3   42.726
132   29.514   39.416
133   28.744   37.962
134   28.18   36.3
135   27.016   35.02
136   26.238   33.238
137   25.232   31.42
138   24.66   30.794
139   23.734   28.994
140   23.032   27.778
141   21.6   25.476
142   21.618   25.35
143   21.144   24.312
144   19.986   22.63
145   19.454   21.972
146   19.026   21.32
147   17.876   19.178
148   17.404   19.018
149   17.156   18.512
150   15.472   16.364
151   16.108   17.322
152   14.772   15.232
153   14.286   14.69
154   13.896   14.372
155   12.65   12.428
156   13.244   13.22
157   12.418   12.562
158   11.736   11.284
159   11.794   11.222
160   11.006   10.402
161   10.736   10.076
162   10.174   9.456
163   10.078   9.18
164   9.562   8.79
165   8.814   7.852
166   8.702   7.666
167   8.318   7.382
168   7.914   6.812
169   7.562   6.38
170   7.82   6.706
171   7.472   6.418
172   7.19   6.082
173   6.762   5.648
174   6.612   5.426
175   6.288   5.062
176   6.212   5.026
177   6.082   4.93
178   5.752   4.644
179   5.682   4.51
180   5.318   4.194
181   4.84   3.678
182   4.83   3.682
183   4.934   3.698
184   4.52   3.362
185   4.34   3.168
186   4.158   2.98
187   3.816   2.704
188   4.028   2.892
189   3.774   2.652
190   3.768   2.65
191   3.588   2.436
192   3.42   2.34
193   3.428   2.352
194   3.048   1.986
195   3.088   2.05
196   2.906   1.866
197   2.742   1.704
198   2.654   1.64
199   2.41884   1.40481
