0   406.766   1952.18
1   402.12   1886.15
2   397.354   1842.75
3   392.294   1802.34
4   386.952   1753.28
5   381.414   1714.81
6   375.686   1667.8
7   370.64   1623.97
8   364.912   1589.13
9   359.248   1546.96
10   354.436   1510.92
11   348.858   1473.91
12   343.152   1435.97
13   337.42   1397.29
14   331.602   1363.33
15   327.568   1326.58
16   321.488   1300.55
17   317.62   1277.29
18   313.05   1241.41
19   307.356   1213.2
20   302.294   1182.39
21   298.306   1148.81
22   291.978   1125.7
23   289.256   1099.59
24   284.716   1077.16
25   278.622   1047.15
26   275.184   1018.97
27   270.606   996.874
28   266.812   978.64
29   262.528   951.98
30   258.67   924.418
31   253.812   911.66
32   249.6   884.75
33   245.52   865.96
34   241.198   844.082
35   236.996   823.042
36   233.654   801.822
37   229.55   779.272
38   225.362   759.894
39   222.034   743.076
40   218.412   725.828
41   215.312   704.396
42   211.37   686.422
43   207.902   668.75
44   203.79   650.734
45   200.488   630.374
46   197.388   621.536
47   193.62   604.858
48   189.72   582.354
49   186.672   568.676
50   182.664   559.756
51   180.196   543.108
52   177.196   527.634
53   174.66   515.024
54   171.65   500.792
55   167.88   485.872
56   165.382   474.506
57   161.728   463.114
58   157.892   445.878
59   154.946   434.998
60   153.226   420.088
61   149.094   408.848
62   146.502   397.21
63   144.334   385.012
64   140.53   373.59
65   138.926   363.694
66   135.598   357.874
67   133.434   342.952
68   132.082   339.002
69   129.248   327.086
70   125.89   314.87
71   123.912   308.152
72   120.478   299.376
73   118.306   290.8
74   116.42   279.022
75   115.458   275.548
76   112.362   266.366
77   110.472   258.118
78   108.128   248.986
79   105.542   242.4
80   103.518   235.562
81   102.022   229.348
82   99.236   220.718
83   97.632   212.27
84   94.91   204.894
85   92.888   197.566
86   91.51   193.638
87   89.936   186.998
88   86.18   179.976
89   85.462   174.22
90   83.814   167.45
91   81.112   161.818
92   80.096   157.22
93   76.458   148.802
94   76.59   146.27
95   73.178   138.536
96   72.246   137.17
97   71.366   133.56
98   69.842   129.26
99   67.1   123.148
100   65.228   117.726
101   65.372   113.994
102   62.072   108.344
103   61.46   108.578
104   60.176   101.624
105   57.026   96.936
106   56.814   94.374
107   54.764   90.986
108   53.708   86.87
109   51.54   82.436
110   51.084   80.124
111   50.142   78.144
112   48.936   77.124
113   47.54   72.508
114   44.904   68.086
115   44.806   67.318
116   44.098   65.028
117   42.392   61.558
118   41.09   59.356
119   39.642   55.868
120   39.216   54.84
121   37.428   51.876
122   37.056   51.034
123   35.974   48.374
124   33.982   45.974
125   33.344   43.844
126   32.186   41.872
127   30.796   39.446
128   30.262   38.998
129   29.032   36.372
130   28.896   36.046
131   27.09   33.218
132   26.454   32.154
133   25.884   30.746
134   25.118   29.44
135   24.044   28.348
136   23.698   28.22
137   22.806   25.862
138   22.136   25.01
139   20.792   22.756
140   20.194   22.226
141   19.98   21.74
142   19.764   21.214
143   18.77   20.052
144   18.146   19.334
145   17.08   17.844
146   16.688   17.238
147   15.906   16.614
148   15.658   16.088
149   15.146   15.404
150   13.836   13.582
151   13.84   13.72
152   13.346   12.726
153   13.01   12.47
154   12.654   12.066
155   12.358   11.778
156   11.684   10.88
157   11.358   10.632
158   10.754   9.8
159   10.148   9.2
160   10.138   9.054
161   9.854   8.728
162   9.696   8.54
163   9.156   8.042
164   8.978   7.862
165   8.31   7.088
166   8.454   7.264
167   7.768   6.592
168   8.056   6.814
169   7.488   6.272
170   7.014   5.818
171   7.024   5.7
172   6.47   5.28
173   6.39   5.142
174   6.372   5.078
175   6.128   4.784
176   5.858   4.634
177   5.67   4.382
178   5.51   4.184
179   5.114   3.95
180   5.084   3.838
181   5.022   3.842
182   4.79   3.582
183   4.842   3.63
184   4.562   3.372
185   4.242   3.04
186   4.14   2.922
187   3.946   2.792
188   3.98   2.816
189   3.98   2.816
190   3.82   2.684
191   3.474   2.358
192   3.318   2.214
193   3.278   2.198
194   3.202   2.132
195   3.14   2.09
196   2.992   1.956
197   2.758   1.724
198   2.622   1.606
199   2.58918   1.57114
