0   407.325   1959.13
1   402.512   1913.2
2   397.874   1860.77
3   392.13   1816.58
4   387.38   1776.8
5   382.644   1727.57
6   376.524   1684.08
7   370.67   1645.29
8   365.284   1608.47
9   360.28   1564.71
10   354.38   1532.18
11   348.594   1494.13
12   344.014   1456.19
13   339.092   1422.69
14   333.788   1386.5
15   328.208   1356.17
16   322.874   1323.63
17   318.864   1293.03
18   313.144   1256.81
19   307.608   1233.4
20   302.526   1200.97
21   297.142   1172.83
22   292.142   1142.23
23   288.67   1116.96
24   283.26   1085.27
25   278.378   1059.07
26   274.726   1040.52
27   270.728   1008.6
28   265.658   986.996
29   261.44   956.714
30   257.38   937.986
31   252.686   914.468
32   248.396   894.45
33   244.624   867.77
34   239.794   852.994
35   236.416   829.442
36   233.702   811.664
37   229.63   792.204
38   225.656   773.71
39   222.698   753.536
40   217.84   731.918
41   214.786   717.208
42   211.22   700.74
43   206.626   682.758
44   203.59   667.664
45   201.406   647.346
46   197.35   633.174
47   194.136   617.406
48   192.068   602.042
49   186.622   587.818
50   184.14   568.464
51   181.046   554.834
52   177.706   542.75
53   175.476   528.698
54   171.588   516.944
55   168.832   498.502
56   165.666   486.86
57   162.746   474.72
58   159.596   460.954
59   157.332   452.19
60   153.564   437.386
61   151.604   425.836
62   149.636   414.962
63   145.446   401.154
64   143.726   395.726
65   141.514   384.216
66   137.754   369.516
67   135.342   360.092
68   132.016   348.054
69   130.364   339.226
70   128.292   333.178
71   124.644   318.996
72   122.744   309.162
73   120.842   302.742
74   117.818   294.474
75   114.136   282.086
76   113.522   276.262
77   110.38   263.31
78   108.988   260.684
79   107.412   250.522
80   103.764   242.166
81   102.366   238.66
82   100.02   227.362
83   98.522   223.344
84   96.494   216.71
85   93.806   208.29
86   92.538   201.974
87   90.544   197.188
88   88.072   188.35
89   87.326   183.918
90   84.85   178.244
91   83.296   173.134
92   81.598   166.538
93   79.144   160.104
94   78.352   158.834
95   75.662   149.66
96   74.158   144.03
97   72.226   140.736
98   70.268   133.662
99   68.888   129.556
100   67.654   127.886
101   66.208   122.836
102   64.774   118.74
103   63.464   114.826
104   61.228   110.276
105   59.606   104.912
106   57.94   100.386
107   57.848   98.846
108   55.136   93.956
109   54.074   90.902
110   53.36   89.424
111   50.636   82.318
112   50.08   81.082
113   48.888   77.914
114   46.954   73.452
115   46.13   72.296
116   44.694   69.884
117   45.042   68.074
118   42.638   64.482
119   40.718   60.158
120   40.146   58.418
121   38.982   55.968
122   37.816   54.562
123   37.328   52.57
124   35.946   49.526
125   34.334   46.774
126   33.384   44.622
127   32.716   43.956
128   31.886   42.276
129   31.49   41.23
130   29.748   38.476
131   28.964   36.998
132   27.638   34.434
133   26.684   33.122
134   27.572   34.274
135   24.766   30.192
136   24.282   29.354
137   23.22   27.418
138   22.47   26.742
139   22.376   26.06
140   21.948   25.54
141   20.75   23.418
142   19.984   22.368
143   19.956   22.332
144   18.476   20.282
145   18.224   19.584
146   17.814   19.118
147   17.156   17.98
148   16.082   17.018
149   15.224   15.492
150   15.318   15.754
151   14.326   14.564
152   14.206   14.136
153   13.346   12.958
154   13.304   13.156
155   13.148   12.834
156   12.012   11.506
157   11.844   11.21
158   11.598   11.046
159   11.784   10.968
160   10.384   9.576
161   9.882   9.008
162   10.348   9.544
163   9.322   8.378
164   9.248   8.306
165   8.756   7.666
166   8.044   6.97
167   8.032   6.854
168   7.616   6.352
169   7.488   6.326
170   7.422   6.35
171   7.048   5.912
172   6.66   5.438
173   6.61   5.414
174   6.196   4.962
175   6.318   5.11
176   6.196   4.956
177   5.578   4.36
178   5.516   4.28
179   5.334   4.102
180   5.02   3.846
181   4.786   3.596
182   4.734   3.532
183   4.458   3.384
184   4.204   3.016
185   4.216   3.022
186   4.108   2.87
187   4.1   2.94
188   4.158   2.972
189   3.846   2.722
190   3.722   2.6
191   3.464   2.364
192   3.416   2.292
193   3.396   2.308
194   3.156   2.088
195   3.158   2.09
196   2.956   1.908
197   2.82   1.782
198   2.568   1.546
199   2.4509   1.44289
