0   407.311   1971.12
1   402.006   1912.44
2   397.314   1865.26
3   391.744   1821.31
4   386.21   1768.54
5   381.468   1736.46
6   375.992   1690.71
7   370.446   1645.53
8   365.656   1608.11
9   359.788   1569.18
10   354.538   1529.9
11   347.78   1492.42
12   343.622   1460.63
13   338.814   1421.56
14   333.55   1386.55
15   327.92   1355.16
16   322.5   1320.66
17   318.082   1294.26
18   312.396   1267.14
19   308.258   1237.18
20   303.824   1201.78
21   298.13   1173.01
22   294.086   1148.19
23   288.934   1118.74
24   283.838   1092.9
25   278.886   1062.23
26   275.184   1039.99
27   270.858   1012.88
28   265.922   993.568
29   261.588   963.946
30   257.366   942.09
31   252.484   917.148
32   249.15   901.23
33   245.252   876.642
34   241.268   849.976
35   238.478   833.988
36   233.72   815.412
37   230.534   795.696
38   225.548   776.154
39   222.072   751.902
40   218.998   739.594
41   215.734   716.964
42   210.982   701.228
43   207.632   683.582
44   203.622   667.28
45   201.648   648.506
46   197.812   634.358
47   195.184   617.54
48   190.814   597.48
49   187.406   584.324
50   183.922   568.874
51   179.796   556.56
52   177.166   539.974
53   174.6   525.264
54   170.574   509.532
55   167.74   494.358
56   163.818   483.702
57   161.938   469.076
58   159.038   457.088
59   155.71   445.204
60   153.098   432.744
61   150.194   415.882
62   147.172   409.536
63   144.226   391.662
64   142.652   388.84
65   139.452   376.836
66   136.832   365.564
67   135.272   358.308
68   133.048   343.342
69   130.29   336.942
70   126.926   320.85
71   124.598   315.514
72   122.004   305.592
73   119.668   297.708
74   117.81   288.526
75   114.49   280.234
76   112.814   271.448
77   109.59   261.248
78   106.958   252.2
79   106.02   249.034
80   103.436   237.134
81   102.18   234.498
82   100.032   227.568
83   97.142   217.328
84   94.844   208.716
85   92.746   201.916
86   91.434   199.054
87   89.574   192.668
88   88.014   185.334
89   86.472   183.268
90   85.05   175.968
91   81.206   167.362
92   80.41   163.402
93   80.122   160.732
94   77.326   152.912
95   75.418   148.626
96   72.85   141.808
97   71.812   139.114
98   70.642   134.32
99   70.522   129.756
100   67.73   124.878
101   65.37   120.29
102   64.324   115.202
103   62.798   111.568
104   60.432   106.682
105   59.878   104.232
106   58   98.254
107   56.908   97.098
108   54.522   91.46
109   54.504   90.938
110   52.458   85.382
111   50.776   81.654
112   49.476   79.15
113   48.432   75.928
114   46.43   72.132
115   45.524   70.108
116   44.328   67.8
117   43.104   64.324
118   42.274   62.354
119   41.458   60.39
120   39.804   57.766
121   37.986   53.88
122   36.9   51.64
123   36.38   50.218
124   34.768   48.108
125   33.42   45.502
126   32.882   43.864
127   31.996   42.786
128   30.64   39.76
129   30.266   39.244
130   29.768   37.638
131   28.964   36.428
132   27.902   34.994
133   26.412   32.302
134   26.092   31.766
135   25.4   30.892
136   24.488   29.002
137   23.322   27.368
138   22.808   26.478
139   21.908   24.842
140   21.284   24.162
141   20.778   23.802
142   20.044   22.51
143   19.488   21.272
144   18.782   20.274
145   17.704   19.136
146   17.828   19.104
147   16.616   17.66
148   15.996   16.604
149   15.85   16.23
150   14.974   14.978
151   14.276   14.464
152   13.65   13.478
153   13.336   13.07
154   13.062   12.51
155   12.836   12.448
156   12.106   11.746
157   11.62   11.062
158   11.404   10.758
159   10.746   9.936
160   10.284   9.4
161   9.556   8.604
162   9.47   8.632
163   9.388   8.394
164   8.922   7.796
165   8.76   7.614
166   8.13   7.046
167   7.95   6.722
168   7.878   6.738
169   7.344   6.168
170   6.804   5.672
171   7.106   5.946
172   6.734   5.542
173   6.432   5.144
174   6.408   5.218
175   6.048   4.808
176   5.906   4.66
177   5.784   4.54
178   5.32   4.116
179   5.248   3.996
180   4.82   3.686
181   4.906   3.754
182   5.15   3.942
183   4.22   3.002
184   4.234   3.076
185   4.414   3.244
186   4.266   3.106
187   3.9   2.76
188   4.044   2.878
189   3.556   2.452
190   3.51   2.412
191   3.628   2.514
192   3.418   2.304
193   3.182   2.12
194   3.298   2.234
195   3.114   2.046
196   2.986   1.956
197   2.782   1.754
198   2.762   1.742
199   2.40681   1.39679
