0   407.842   1977.87
1   403.132   1919.14
2   397.878   1873.44
3   392.724   1823.76
4   387.546   1780.13
5   382.212   1746.07
6   376.822   1703.09
7   371.234   1653.44
8   366.104   1618.51
9   360.394   1583.78
10   354.93   1537.36
11   349.14   1499.72
12   343.938   1469.77
13   339.234   1435.23
14   334.338   1399.65
15   329.016   1368.61
16   323.816   1338.9
17   318.83   1305.41
18   314.102   1273.58
19   309.556   1241.9
20   303.852   1214.72
21   299.638   1191.75
22   294.366   1158.5
23   289.61   1130.19
24   285.982   1104.91
25   282.106   1079.29
26   277.336   1054.23
27   272.922   1032.19
28   269.2   1010.74
29   263.78   987.764
30   260.202   963.694
31   256.612   938.5
32   252.096   922.266
33   248.95   898.9
34   245.058   878.262
35   241.094   855.542
36   236.604   838.648
37   232.134   814.968
38   228.11   797.602
39   225.08   774.734
40   220.978   758.106
41   217.804   737.884
42   214.914   718.19
43   211.59   701.968
44   207.322   687.002
45   202.996   665.422
46   200.558   652.518
47   196.824   633.352
48   193.866   618.966
49   190.084   602.064
50   187.29   588.988
51   183.694   572.18
52   181.124   558.292
53   177.258   542.652
54   174.294   528.206
55   172.01   518.012
56   168.702   505.146
57   165.832   491.146
58   163.368   477.466
59   160.994   470.788
60   156.786   452.79
61   154.522   446.738
62   151.454   431.826
63   149.942   427.482
64   147.504   408.424
65   144.376   398.686
66   141.58   387.208
67   138.212   377.45
68   135.448   367.854
69   133.104   353.086
70   131.028   341.486
71   127.806   330.182
72   125.678   326.156
73   123.476   316.092
74   120.324   301.918
75   118.448   297.046
76   116.54   288.256
77   114.536   281.764
78   111.82   271.576
79   109.304   263.096
80   107.352   255.614
81   104.962   249.064
82   102.298   238.866
83   100.12   230.718
84   98.474   226.77
85   96.378   218.154
86   94.494   210.66
87   92.476   204.738
88   90.716   198.016
89   89.128   192.37
90   87.512   185.926
91   85.608   179.932
92   84.136   178.334
93   81.4   166.754
94   79.026   164.74
95   77.724   157.126
96   75.856   150.314
97   74.874   148.728
98   72.292   141.762
99   70.522   136.32
100   69.322   132.65
101   67.856   128.57
102   66.966   124.036
103   64.87   120.712
104   62.972   115.288
105   62.226   111.298
106   58.74   103.816
107   57.908   100.064
108   56.556   98.198
109   55.628   94.48
110   53.756   90.48
111   52.01   87.402
112   51.85   84.758
113   50.084   80.792
114   47.956   76.59
115   48.01   76.446
116   45.994   71.394
117   44.338   68.5
118   42.706   65.206
119   43.282   66.286
120   40.818   60.054
121   40.538   59.232
122   38.394   54.774
123   38.174   54.99
124   37.474   53.424
125   35.088   49.14
126   34.12   47.698
127   33.686   45.876
128   31.888   43.15
129   31.026   40.934
130   30.328   39.594
131   29.962   38.548
132   29.034   36.85
133   27.926   35.4
134   27.02   33.806
135   26.028   32.174
136   25.678   31.51
137   24.884   30.22
138   23.226   27.222
139   23.08   27.184
140   22.092   25.712
141   21.662   25.076
142   20.928   23.686
143   20.612   23.13
144   19.432   21.688
145   19.074   20.984
146   18.348   19.844
147   17.72   19
148   16.846   17.558
149   16.346   17.096
150   15.166   15.53
151   15.932   16.196
152   14.546   14.744
153   13.702   13.608
154   13.452   13.468
155   13.046   12.792
156   12.902   12.448
157   12.504   12.144
158   12.286   11.954
159   11.07   10.382
160   10.414   9.616
161   11.316   10.632
162   10.064   9.256
163   9.886   8.874
164   9.124   8.12
165   9.138   8.27
166   8.88   7.782
167   7.984   6.92
168   8.36   7.14
169   7.812   6.762
170   7.534   6.396
171   7.494   6.286
172   7.36128   6.15768
173   6.90381   5.69339
174   6.346   5.188
175   6.298   5.02
176   6.064   4.914
177   5.912   4.59
178   5.616   4.458
179   5.348   4.166
180   5.14   3.89
181   5.144   3.932
182   5.092   3.908
183   4.812   3.584
184   4.38124   3.19361
185   4.43487   3.22244
186   4.264   3.094
187   4.21   3.048
188   3.966   2.782
189   4.014   2.856
190   3.786   2.64
191   3.578   2.48
192   3.626   2.514
193   3.346   2.262
194   3.288   2.19
195   3.004   1.956
196   3.022   1.96
197   2.82   1.774
198   2.62   1.594
199   2.50701   1.48497
