0   407.319   1969.54
1   402.552   1908.95
2   397.282   1860.46
3   391.476   1819.16
4   386.122   1763.42
5   381.324   1722.39
6   376.43   1678.9
7   370.764   1643.69
8   366.132   1612.09
9   359.882   1567.23
10   354.918   1528.6
11   348.758   1494.97
12   344.584   1458.34
13   338.706   1421.55
14   333.98   1385.09
15   327.148   1355.75
16   323.028   1317.59
17   317.878   1291.63
18   312.682   1260.33
19   306.798   1228.27
20   302.324   1196.03
21   297.186   1163.42
22   292.822   1140.58
23   287.144   1107.12
24   282.704   1079.47
25   278.18   1054.87
26   273.624   1028.73
27   269.764   1004.97
28   264.278   980.912
29   259.486   954.142
30   256.516   930.002
31   252.94   907.226
32   247.48   886.644
33   244.174   868.182
34   238.782   844.746
35   236.836   823.402
36   231.65   802.716
37   227.58   782.996
38   223.864   763.152
39   220.68   742.306
40   217.604   723.706
41   213.954   708.764
42   209.574   696.822
43   207.172   677.81
44   203.456   659.226
45   200.364   642.348
46   196.906   626.568
47   192.924   611.39
48   190.198   599.826
49   186.536   578.948
50   182.534   566.358
51   179.708   556.152
52   176.29   535.01
53   173.834   520.82
54   171.386   510.516
55   167.686   498.096
56   164.296   480.292
57   162.898   473.196
58   159.634   459.804
59   156.124   448.118
60   153.38   429.56
61   151.042   419.308
62   148.504   411.722
63   145.238   397.556
64   142.752   390.146
65   139.1   376.262
66   137.666   366.238
67   134.396   356.658
68   131.434   343.64
69   128.844   336.026
70   127.628   329.102
71   124.86   318.646
72   123.066   309.246
73   119.624   296.75
74   117.572   290.804
75   114.978   280.808
76   112.102   271.696
77   110.518   262.702
78   108.008   258.072
79   106.224   249.86
80   103.784   240.372
81   102.754   238.094
82   99.818   225.256
83   97.864   219.018
84   96.4   211.776
85   94.144   207.41
86   91.84   198.186
87   90.192   194.188
88   87.712   186.982
89   85.904   180.876
90   84.036   174.376
91   82.936   169.638
92   80.326   163.584
93   78.476   158.508
94   77.018   152.602
95   74.976   146.32
96   73.408   141.978
97   72.484   139.884
98   71.224   137.176
99   68.174   127.558
100   67.262   123.922
101   65.638   119.528
102   64.058   116.48
103   62.498   112.518
104   61.286   109.05
105   59.582   103.882
106   58.288   100.296
107   56.96   96.832
108   55.538   93.248
109   54.312   90.838
110   53.074   88.526
111   52.02   85
112   49.272   78.792
113   48.786   77.2
114   48.494   74.97
115   46.116   71.79
116   45.44   69.32
117   44.158   66.956
118   41.92   62.232
119   40.974   60.408
120   40.266   58.944
121   38.732   55.216
122   38.182   53.494
123   37.348   52.132
124   35.49   49.462
125   35.038   47.312
126   33.846   45.496
127   32.552   43.234
128   31.794   42.094
129   30.286   38.984
130   29.896   37.792
131   29.22   36.6
132   28.58   35.954
133   28.37   35.592
134   25.418   30.83
135   24.966   30.284
136   24.824   29.372
137   23.614   28.224
138   23.374   27.13
139   22.256   25.582
140   21.156   23.78
141   21.072   24.112
142   20.264   22.206
143   19.896   22.144
144   18.744   20.47
145   17.87   19.284
146   17.728   18.71
147   17.344   18.802
148   16.586   17.21
149   16.32   17.41
150   15.012   15.276
151   15.002   14.998
152   14.2064   14.1864
153   14.09   13.972
154   13.17   12.998
155   12.718   12.328
156   12.336   11.804
157   12.392   11.828
158   11.18   10.37
159   11.166   10.37
160   10.904   10.29
161   10.46   9.664
162   10.392   9.46
163   9.122   8.108
164   8.7   7.596
165   8.774   7.62
166   8.322   7.244
167   8.422   7.306
168   8.312   7.05
169   7.552   6.45
170   7.382   6.228
171   7.118   5.848
172   7.01   5.784
173   6.668   5.45
174   6.668   5.474
175   6.15   4.886
176   6.206   4.918
177   5.484   4.33
178   5.424   4.142
179   5.254   4.064
180   4.876   3.648
181   5.234   3.98
182   4.784   3.57
183   4.808   3.556
184   4.442   3.26
185   4.406   3.216
186   4.258   3.118
187   4.042   2.922
188   3.91   2.772
189   3.738   2.596
190   3.554   2.432
191   3.472   2.38
192   3.362   2.256
193   3.146   2.066
194   3.094   2.044
195   3.034   1.962
196   2.972   1.914
197   2.856   1.818
198   2.698   1.676
199   2.47295   1.46693
