0   408.056   1992.98
1   403.12   1945.8
2   397.914   1893.27
3   393.014   1841
4   387.428   1800.86
5   382.014   1756.06
6   376.024   1714.96
7   371.136   1671.08
8   365.53   1634.33
9   359.938   1588.02
10   354.684   1549.2
11   348.59   1515.91
12   343.92   1482.94
13   338.626   1443.11
14   333.82   1412.8
15   328.664   1379.89
16   324.702   1353.06
17   318.496   1316.22
18   314.844   1288.29
19   309.258   1259.49
20   305.092   1229.54
21   299.498   1205.3
22   295.5   1177.67
23   291.31   1141.41
24   286.032   1119.76
25   282.26   1094.09
26   277.822   1072.25
27   273.2   1044.76
28   268.516   1022.79
29   264.438   995.672
30   260.43   976.814
31   255.942   949.436
32   252.478   930.926
33   247.01   902.788
34   243.634   882.836
35   239.626   861.234
36   236.466   841.134
37   231.454   818.696
38   227.562   799.02
39   224.516   787.48
40   220.234   760.21
41   217.654   743.474
42   213.934   729.02
43   210.734   707.176
44   206.734   689.664
45   203.322   675.234
46   200.204   657.062
47   196.048   642.846
48   192.838   623.67
49   190.998   614.308
50   187.168   596.826
51   183.43   582.23
52   180.876   567.138
53   177.926   555.164
54   174.406   541.31
55   172.18   528.382
56   167.912   511.372
57   165.36   498.918
58   163.276   483.292
59   158.846   468.822
60   155.626   458.366
61   154.13   447.054
62   150.908   432.83
63   148.708   421.214
64   145.068   408.522
65   143.98   400.694
66   140.166   387.04
67   137.988   378.114
68   134.988   364.724
69   132.636   356.676
70   129.522   343.936
71   128.178   338.072
72   124.626   326.372
73   123.226   320.176
74   121.034   310.586
75   118.502   301.512
76   117.084   294.874
77   113.83   282.468
78   110.85   271.676
79   108.992   265.806
80   106.956   260.05
81   105.314   253.448
82   103.146   243.264
83   101.638   236.936
84   98.424   228.12
85   98.554   226.212
86   95.222   215.25
87   91.776   205.408
88   90.664   200.984
89   88.768   194.526
90   87.36   189.916
91   86.042   183.598
92   83.078   176.34
93   81.5   170.766
94   79.246   166.16
95   77.39   158.346
96   76.468   155.746
97   74.324   150.796
98   73.154   144.718
99   70.68   140.56
100   69.686   134.814
101   67.712   129.98
102   66.61   126.382
103   64.016   118.652
104   62.926   115.8
105   61.154   112.168
106   60.544   108.56
107   58.466   103.99
108   56.844   100.22
109   55.644   95.138
110   54.316   91.754
111   52.32   87.848
112   50.722   84.982
113   50.208   82.952
114   49.146   80.61
115   48.302   77.454
116   46.278   74.228
117   44.7   70.094
118   44.448   69.258
119   42.84   65.716
120   41.708   63.33
121   40.78   60.318
122   39.088   57.982
123   38.84   56.486
124   37.164   53.834
125   36.106   51.518
126   34.888   49.156
127   34.782   48.368
128   32.64   45.486
129   32.434   43.792
130   31.474   42.138
131   30.8204   41.5269
132   29.515   38.6573
133   28.582   36.56
134   27.674   34.89
135   26.576   33.448
136   25.286   30.884
137   25.184   30.908
138   24.358   29.476
139   23.168   27.414
140   22.528   26.564
141   21.906   25.426
142   21.708   25.358
143   21.296   24.35
144   19.616   21.734
145   18.908   20.784
146   18.422   20.158
147   18.07   19.84
148   16.786   17.872
149   15.794   16.406
150   15.216   15.844
151   15.282   15.572
152   14.774   14.896
153   14.43   14.574
154   13.556   13.758
155   13.608   13.404
156   12.426   12.112
157   12.644   12.324
158   12.26   11.882
159   10.894   10.2
160   10.682   10.104
161   10.29   9.492
162   9.684   8.82
163   9.584   8.66
164   9.16   8.252
165   8.908   7.906
166   8.808   7.714
167   8.176   7.156
168   8.292   7.226
169   7.822   6.684
170   7.346   6.066
171   6.926   5.812
172   7.174   6.052
173   6.53   5.35
174   6.464   5.258
175   6.384   5.264
176   5.808   4.514
177   5.988   4.77
178   5.8   4.64
179   5.324   4.106
180   5.094   3.922
181   4.972   3.794
182   4.972   3.764
183   4.516   3.332
184   4.526   3.328
185   4.578   3.37
186   4.44   3.208
187   3.966   2.82
188   4.126   2.974
189   3.714   2.57
190   3.706   2.596
191   3.566   2.448
192   3.278   2.218
193   3.334   2.268
194   3.168   2.098
195   3.02   1.956
196   2.94   1.888
197   2.876   1.842
198   2.542   1.516
199   2.43487   1.43487
