0   407.475   1972.68
1   402.292   1918.16
2   397.228   1867.51
3   392.304   1817.36
4   387.386   1776.05
5   382.21   1734.29
6   376.28   1692.15
7   371.194   1652.72
8   366.582   1613.74
9   360.916   1576.59
10   355.184   1532.98
11   350.466   1493.35
12   343.852   1461.46
13   338.31   1430.64
14   333.002   1393.68
15   328.784   1358.26
16   322.474   1322.27
17   317.198   1294.24
18   313.088   1263.68
19   307.728   1228.81
20   303.594   1201.51
21   297.25   1172.35
22   293.826   1144.05
23   288.714   1117.46
24   284.618   1088.72
25   279.504   1068.32
26   275.39   1038.37
27   271.616   1018.19
28   266.578   993.258
29   263.234   970.8
30   258.52   953.224
31   253.678   929.902
32   249.98   903.64
33   247.108   881.356
34   242.522   863.802
35   239.976   839.966
36   234.378   822.666
37   231.108   799.068
38   227.234   780.284
39   222.916   762.51
40   220.156   743.912
41   216.776   728.644
42   213.688   710.448
43   209.866   693.08
44   205.118   674.714
45   202.514   654.77
46   198.628   642.456
47   195.24   622.92
48   191.476   605.124
49   187.316   593.522
50   185.034   576.494
51   182.494   561.678
52   178.082   546.974
53   175.238   531.576
54   171.428   517.362
55   168.926   503
56   166.044   489.536
57   163.366   476.75
58   160.7   465.938
59   158.912   452.866
60   154.37   439.638
61   152.386   430.048
62   149.128   416.412
63   147.084   405.058
64   144.476   397.15
65   141.75   389.162
66   138.284   375.516
67   136.336   364.714
68   134.124   357.574
69   132.188   347.842
70   129.144   334.346
71   126.872   323.492
72   123.666   316.974
73   121.744   308.828
74   119.042   296.206
75   117.296   288.38
76   115.68   282.094
77   112.576   273.744
78   110.824   266.874
79   109.052   258.702
80   105.326   245.594
81   103.384   240.668
82   101.236   231.036
83   99.396   226.76
84   97   220.146
85   95.01   212.812
86   93.42   206.762
87   91.558   202.026
88   90.104   193.796
89   86.834   186.228
90   86.372   180.676
91   84.026   176.048
92   81.25   167.788
93   80.274   161.998
94   78.956   159.452
95   76.73   152.424
96   74.764   146.28
97   72.528   140.272
98   71.232   136.572
99   69.844   134.492
100   67.792   127.8
101   66.946   123.992
102   65.444   118.234
103   63.852   116.382
104   62.142   108.952
105   60.838   108.058
106   60.588   105.966
107   57.942   101.124
108   57.45   97.974
109   54.652   91.416
110   54.25   91.454
111   51.478   83.268
112   50.71   82.872
113   49.208   79.386
114   47.338   75.324
115   47.096   73.476
116   44.86   70.628
117   44.582   68.114
118   43.092   65.154
119   41.582   62.572
120   40.798   60.14
121   39.602   57.38
122   39.466   56.388
123   37.456   53.83
124   37.156   51.984
125   35.612   49.302
126   34.232   47.01
127   33.644   45.872
128   32.864   44.674
129   31.29   41.262
130   30.9   40.222
131   29.926   38.308
132   29.132   37.226
133   27.79   34.884
134   27.116   33.282
135   26.204   31.54
136   25.168   30.192
137   24.264   29.112
138   23.618   28.248
139   22.352   25.97
140   21.914   25.428
141   21.798   25.11
142   20.268   22.68
143   19.54   21.662
144   19.396   21.376
145   18.434   20.086
146   17.534   18.794
147   17.318   18.64
148   16.66   17.588
149   16.614   17.08
150   15.612   16.27
151   14.682   14.854
152   14.404   14.456
153   13.996   14.164
154   13.094   12.806
155   12.47   11.738
156   12.252   11.64
157   11.684   11.046
158   11.924   11.17
159   11.094   10.352
160   10.37   9.414
161   10.176   9.224
162   9.844   8.966
163   9.37   8.3
164   9.504   8.368
165   9.226   8.274
166   8.512   7.35
167   8.554   7.528
168   7.748   6.486
169   7.334   6.164
170   7.364   6.26
171   7.026   5.738
172   6.99   5.82
173   6.432   5.184
174   6.554   5.272
175   5.984   4.74
176   5.8   4.548
177   5.852   4.63
178   5.414   4.11
179   5.548   4.35
180   4.988   3.742
181   4.874   3.676
182   4.96   3.748
183   4.804   3.574
184   4.508   3.26
185   4.206   3.022
186   4.148   2.946
187   4.006   2.856
188   3.884   2.69
189   3.698   2.552
190   3.66   2.536
191   3.682   2.51
192   3.466   2.336
193   3.292   2.21
194   3.148   2.066
195   2.902   1.84
196   2.848   1.806
197   2.766   1.73
198   2.686   1.664
199   2.52505   1.52104
