0   407.483   1982.55
1   402.582   1939.92
2   397.6   1883.94
3   392.16   1838.24
4   387.47   1790.58
5   381.716   1746.15
6   376.146   1709.41
7   369.934   1659.53
8   365.228   1628.4
9   360.268   1586.04
10   355.328   1545.11
11   348.876   1506.4
12   343.112   1467.42
13   338.746   1438.23
14   333.816   1404.83
15   328.898   1366.27
16   323.188   1339.89
17   318.296   1310.69
18   313.688   1279.96
19   309.242   1253.13
20   304.216   1221.23
21   299.284   1193.22
22   295.178   1162.36
23   289.658   1130.74
24   285.352   1108.13
25   280.976   1083.17
26   276.15   1055.36
27   271.944   1032.51
28   267.428   1001.05
29   263.094   987.588
30   258.606   957.174
31   254.714   933.582
32   250.45   917.438
33   247.108   892.18
34   243.29   868.488
35   240.188   851.052
36   234.564   829.316
37   230.64   809.124
38   227.22   785.452
39   224.442   773.208
40   219.732   749.85
41   216.312   731.17
42   212.886   718.398
43   209.154   697.518
44   205.768   677.93
45   202.36   665.586
46   198.406   646.774
47   195.602   629.426
48   191.74   615.214
49   189.124   600.778
50   184.86   581.462
51   182.852   566.162
52   180.708   557.958
53   176.564   539.698
54   174.27   528.32
55   169.888   512.808
56   168.772   500.436
57   165.192   490.856
58   163.076   473.99
59   159.514   464.942
60   156.074   451.242
61   152.398   438.26
62   151.436   427.81
63   147.554   414.902
64   145.178   402.408
65   141.8   389.436
66   138.606   376.146
67   135.824   367.666
68   134.012   358.304
69   131.786   349.008
70   128.874   335.046
71   125.804   322.812
72   123.606   314.314
73   121.304   306.56
74   118.728   296.19
75   116.82   288.588
76   114.376   281.876
77   110.962   270.168
78   110.036   265.722
79   108.094   256.414
80   105.314   245.896
81   103.948   243.194
82   101.074   234.544
83   97.942   222.884
84   97.142   219.486
85   94.45   210.672
86   92.248   203.436
87   92.072   199.436
88   88.734   190.988
89   87.614   189.074
90   84.81   180.872
91   82.974   172.136
92   81.72   168.432
93   79.76   164.448
94   78.738   158.352
95   76.376   151.598
96   74.874   147.14
97   73.41   143.552
98   72.356   138.972
99   69.346   132.15
100   68.11   128.584
101   65.976   124.154
102   64.054   117.234
103   62   112.182
104   61.2774   109.437
105   59.7375   104.844
106   58.946   102.524
107   56.712   98.714
108   55.896   94.748
109   54.934   91.708
110   52.9   87.174
111   51.51   84.994
112   50.066   80.374
113   48.334   78.078
114   47.432   75.286
115   46.72   73.91
116   44.954   69.344
117   42.94   66.31
118   43.146   64.914
119   41.7   63.052
120   40.69   60.208
121   39.196   57.076
122   38.41   55.356
123   37.624   53.912
124   35.812   50.814
125   35.356   49.062
126   34.494   47.382
127   32.782   44.62
128   32.064   41.822
129   30.892   40.438
130   30.118   39.04
131   29.284   37.522
132   28.708   37.176
133   27.264   34.178
134   27.182   33.502
135   25.034   30.666
136   25.094   30.612
137   24.018   28.774
138   23.294   27.436
139   22.708   26.966
140   22.08   25.736
141   21.334   24.282
142   20.386   22.724
143   19.796   21.948
144   19.47   21.692
145   18.116   19.652
146   17.3   18.27
147   17.44   18.326
148   16.746   18.1
149   15.764   16.188
150   15.896   16.35
151   14.624   14.864
152   14.132   14.094
153   14.308   14.144
154   12.968   12.792
155   13.138   12.778
156   12.334   12.15
157   11.88   11.166
158   11.854   11.418
159   10.9681   10.0339
160   11   10.2244
161   10.248   9.438
162   9.356   8.434
163   9.846   9.014
164   9.726   8.756
165   9.19   8.16
166   8.474   7.268
167   8.438   7.348
168   8.136   7.066
169   7.724   6.594
170   7.732   6.554
171   7.042   5.906
172   7.03   5.82
173   6.74   5.53
174   6.532   5.348
175   6.3   5.028
176   5.962   4.768
177   5.398   4.194
178   5.678   4.406
179   5.518   4.226
180   4.998   3.736
181   4.97   3.82
182   4.644   3.458
183   4.69   3.486
184   4.778   3.608
185   4.296   3.122
186   4.214   3.024
187   4.258   3.124
188   4.06   2.882
189   3.928   2.776
190   3.718   2.59
191   3.612   2.474
192   3.41   2.322
193   3.408   2.3
194   3.164   2.074
195   3.182   2.096
196   3.006   1.938
197   2.696   1.666
198   2.64   1.612
199   2.56914   1.55711
